epoch,batchid,loss
1, 0,0.014646434225142
1, 1,0.013812202028930
1, 2,0.012463971972466
1, 3,0.008664643391967
1, 4,0.026153432205319
1, 5,0.005517857614905
1, 6,0.008410152047873
1, 7,0.009915445931256
1, 8,0.010379049926996
1, 9,0.010380300693214
1, 10,0.010150169022381
1, 11,0.009774228557944
1, 12,0.009235640987754
1, 13,0.008526796475053
1, 14,0.007651950232685
1, 15,0.006790614686906
1, 16,0.006403101142496
1, 17,0.005114965606481
1, 18,0.004372661933303
1, 19,0.003889557905495
1, 20,0.003323365235701
1, 21,0.002752647269517
1, 22,0.002436697017401
1, 23,0.002074695425108
1, 24,0.001726269721985
1, 25,0.001566257677041
1, 26,0.001368129160255
1, 27,0.001236559241079
1, 28,0.001091331359930
1, 29,0.001025507343002
1, 30,0.000969616288785
1, 31,0.000901520834304
1, 32,0.000842144771013
1, 33,0.000809440971352
1, 34,0.000780566595495
1, 35,0.000740502437111
1, 36,0.000699354219250
1, 37,0.000649315246847
1, 38,0.000625168613624
1, 39,0.000590990530327
1, 40,0.000540054868907
1, 41,0.000503233401105
1, 42,0.000456258916529
1, 43,0.000428905652370
1, 44,0.000490912643727
1, 45,0.000481347320601
1, 46,0.000372771988623
1, 47,0.000410161330365
1, 48,0.000357409298886
1, 49,0.000376787269488
1, 50,0.000321712228470
1, 51,0.000320814113365
1, 52,0.000297795457300
1, 53,0.000332084251568
1, 54,0.000281556393020
1, 55,0.000293489021715
1, 56,0.000255652790656
1, 57,0.000274926889688
1, 58,0.000246601906838
1, 59,0.000251602090430
1, 60,0.000233382437727
1, 61,0.000234381499467
1, 62,0.000216123822611
1, 63,0.000217221575440
1, 64,0.000210884201806
1, 65,0.000207852019230
1, 66,0.000209147241549
1, 67,0.000200449867407
1, 68,0.000198060093680
1, 69,0.000193029016373
1, 70,0.000187206984265
1, 71,0.000186114004464
1, 72,0.000175142020453
1, 73,0.000173057138454
1, 74,0.000175806286279
1, 75,0.000162798431120
1, 76,0.000158427821589
1, 77,0.000154786597705
1, 78,0.000156647598487
1, 79,0.000143335346365
1, 80,0.000146001388202
1, 81,0.000138746996527
1, 82,0.000139751587994
1, 83,0.000132767163450
1, 84,0.000141089069075
1, 85,0.000128051862703
1, 86,0.000128405808937
1, 87,0.000118344556540
1, 88,0.000103489393950
1, 89,0.000111095272587
1, 90,0.000105236998934
1, 91,0.000114931375720
1, 92,0.000105128332507
1, 93,0.000100429067970
1, 94,0.000089762506832
1, 95,0.000086834414105
1, 96,0.000086750689661
1, 97,0.000091041321866
1, 98,0.000085779101937
1, 99,0.000077120879723
1, 100,0.000085718849732
1, 101,0.000071399357694
1, 102,0.000070933689130
1, 103,0.000084439125203
1, 104,0.000071376693086
1, 105,0.000069504319981
1, 106,0.000063569066697
1, 107,0.000065739288402
1, 108,0.000071329479397
1, 109,0.000059167730797
1, 110,0.000048803165555
1, 111,0.000057405388361
1, 112,0.000050374379498
1, 113,0.000042572701204
1, 114,0.000055562664784
1, 115,0.000048645357310
1, 116,0.000052551582485
1, 117,0.000046162153012
1, 118,0.000040084425564
1, 119,0.000035033190215
1, 120,0.000049913007388
1, 121,0.000044267217163
1, 122,0.000036324257962
1, 123,0.000042785242840
1, 124,0.000033049593185
1, 125,0.000032739560993
1, 126,0.000029152521165
1, 127,0.000036011395423
1, 128,0.000033436532249
1, 129,0.000029854747481
1, 130,0.000026215615435
1, 131,0.000031751158531
1, 132,0.000031911011320
1, 133,0.000028171987651
1, 134,0.000034449167288
1, 135,0.000027271973522
1, 136,0.000023198295821
1, 137,0.000029549744795
1, 138,0.000027289017453
1, 139,0.000028297679819
1, 140,0.000032182062569
1, 141,0.000040768805775
1, 142,0.000033097549021
1, 143,0.000026314892239
1, 144,0.000032854110032
1, 145,0.000029449836802
1, 146,0.000029147011446
1, 147,0.000023771832275
1, 148,0.000024672752261
1, 149,0.000020563727958
1, 150,0.000023679236620
1, 151,0.000029059843655
1, 152,0.000020004888938
1, 153,0.000025711897251
1, 154,0.000031986088288
1, 155,0.000028882730476
1, 156,0.000023425607651
1, 157,0.000022722813810
1, 158,0.000027578764275
1, 159,0.000024267517801
1, 160,0.000024416051019
1, 161,0.000018097698558
1, 162,0.000018168206225
1, 163,0.000021671095965
1, 164,0.000024462988222
1, 165,0.000018366499717
1, 166,0.000018926393750
1, 167,0.000027510519431
1, 168,0.000027306745324
1, 169,0.000027174224670
1, 170,0.000020676898203
1, 171,0.000029515638744
1, 172,0.000025217843358
1, 173,0.000017218799258
1, 174,0.000029729601010
1, 175,0.000027491207220
1, 176,0.000026317406082
1, 177,0.000030687966500
1, 178,0.000022679250833
1, 179,0.000016766516637
1, 180,0.000029410499337
1, 181,0.000024492714147
1, 182,0.000020587929612
1, 183,0.000021130850655
1, 184,0.000022736407118
1, 185,0.000030599450838
1, 186,0.000060034377384
1, 187,0.000031177689380
1, 188,0.000024243339794
1, 189,0.000019468359824
1, 190,0.000021801666662
1, 191,0.000018753124095
1, 192,0.000021874880986
1, 193,0.000015423482182
1, 194,0.000026208304917
1, 195,0.000031827541534
1, 196,0.000022224892746
1, 197,0.000022584716135
1, 198,0.000022361880838
1, 199,0.000018627393729
1, 200,0.000020675968699
1, 201,0.000023292797778
1, 202,0.000030467152101
1, 203,0.000016509047782
1, 204,0.000018645825548
1, 205,0.000020328796381
1, 206,0.000017628637579
1, 207,0.000025515733796
1, 208,0.000022100508431
1, 209,0.000021742102035
1, 210,0.000020416846382
1, 211,0.000018452545191
1, 212,0.000023461934688
1, 213,0.000018868224288
1, 214,0.000022056123271
1, 215,0.000021209218175
1, 216,0.000020202076485
1, 217,0.000020301282348
1, 218,0.000025478171665
1, 219,0.000026150903068
1, 220,0.000021765939891
1, 221,0.000022987236662
1, 222,0.000022392376195
1, 223,0.000017088204913
1, 224,0.000017399412172
1, 225,0.000018375434593
1, 226,0.000019104549210
1, 227,0.000025400684535
1, 228,0.000019632003387
1, 229,0.000025889421522
1, 230,0.000018119306333
1, 231,0.000028500711778
1, 232,0.000021247484256
1, 233,0.000018711682060
1, 234,0.000017075582946
1, 235,0.000024816024961
1, 236,0.000018796990844
1, 237,0.000029053357139
1, 238,0.000031801268051
1, 239,0.000013369351109
1, 240,0.000023040222004
1, 241,0.000027839507311
1, 242,0.000029696533602
1, 243,0.000018129332602
1, 244,0.000026473466278
1, 245,0.000028917393138
1, 246,0.000022399319278
1, 247,0.000022850426831
1, 248,0.000019544357201
1, 249,0.000021900737920
1, 250,0.000016929063349
1, 251,0.000016499914636
1, 252,0.000032628504414
1, 253,0.000019499895643
1, 254,0.000032199870475
1, 255,0.000030404895369
1, 256,0.000027491503715
1, 257,0.000030990424420
1, 258,0.000014782097423
1, 259,0.000028812646633
1, 260,0.000023811206120
1, 261,0.000019326102120
1, 262,0.000017827256670
1, 263,0.000010047976502
1, 264,0.000019995984985
1, 265,0.000016186286302
1, 266,0.000019800661903
1, 267,0.000022289819753
1, 268,0.000017711252440
1, 269,0.000017248788936
1, 270,0.000017830332581
1, 271,0.000019787075871
1, 272,0.000018576953153
1, 273,0.000023844579118
1, 274,0.000018803957573
1, 275,0.000019954271920
1, 276,0.000020018749638
1, 277,0.000020663303076
1, 278,0.000019829920348
1, 279,0.000016426942238
1, 280,0.000017088361346
1, 281,0.000026520639949
1, 282,0.000018383934730
1, 283,0.000016413892808
1, 284,0.000025349016141
1, 285,0.000013540105101
1, 286,0.000014070208636
1, 287,0.000181196213816
1, 288,0.000015299467123
1, 289,0.000028686414225
1, 290,0.000017020542145
1, 291,0.000022551361326
1, 292,0.000019831861209
1, 293,0.000024077831767
1, 294,0.000026251827876
1, 295,0.000024336683055
1, 296,0.000018599737814
1, 297,0.000025017381631
1, 298,0.000024785043934
1, 299,0.000018450884454
1, 300,0.000020179517378
1, 301,0.000023712331313
1, 302,0.000014833540263
1, 303,0.000020008523279
1, 304,0.000021695297619
1, 305,0.000020821109501
1, 306,0.000022366306439
1, 307,0.000017926600776
1, 308,0.000018947981516
1, 309,0.000025158678909
1, 310,0.000027977006539
1, 311,0.000022249158064
1, 312,0.000020688728910
1, 313,0.000019889483156
1, 314,0.000015424011508
1, 315,0.000017191219740
1, 316,0.000020016243070
1, 317,0.000018579858079
1, 318,0.000014234066839
1, 319,0.000028526234018
1, 320,0.000019622133550
1, 321,0.000021545425625
1, 322,0.000021227908292
1, 323,0.000024323309844
1, 324,0.000018963302864
1, 325,0.000019376529963
1, 326,0.000013200838112
1, 327,0.000022786009140
1, 328,0.000019445837097
1, 329,0.000022548229026
1, 330,0.000023386568500
1, 331,0.000087856511527
1, 332,0.000017997961550
1, 333,0.000019530569261
1, 334,0.000020293617126
1, 335,0.000017000702428
1, 336,0.000026697154681
1, 337,0.000016944653908
1, 338,0.000013473287254
1, 339,0.000020872821551
1, 340,0.000022540489226
1, 341,0.000015296018319
1, 342,0.000014713572455
1, 343,0.000013966123333
1, 344,0.000016758924176
1, 345,0.000019497731046
1, 346,0.000025486244340
1, 347,0.000022330617867
1, 348,0.000021238774934
1, 349,0.000021961075618
1, 350,0.000010304936040
1, 351,0.000024323606340
1, 352,0.000014353793631
1, 353,0.000021923990062
1, 354,0.000030001387131
1, 355,0.000023027323550
1, 356,0.000024739310902
1, 357,0.000105319966679
1, 358,0.000019563643946
1, 359,0.000019441924451
1, 360,0.000020721305191
1, 361,0.000017537184249
1, 362,0.000024132054023
1, 363,0.000020543486244
1, 364,0.000012714286640
1, 365,0.000019186494683
1, 366,0.000012765659449
1, 367,0.000015947340216
1, 368,0.000021705243853
1, 369,0.000019191602405
1, 370,0.000020876159397
1, 371,0.000016278372641
1, 372,0.000016392896214
1, 373,0.000016538457203
1, 374,0.000022007921871
1, 375,0.000057044904679
1, 376,0.000027069163480
1, 377,0.000024127119104
1, 378,0.000032943367842
1, 379,0.000018338307200
1, 380,0.000022317768526
1, 381,0.000016676027371
1, 382,0.000029396513128
1, 383,0.000021882637157
1, 384,0.000020748009774
1, 385,0.000013627169210
1, 386,0.000021573729100
1, 387,0.000022385362172
1, 388,0.000021426752937
1, 389,0.000017468963051
1, 390,0.000017623000531
1, 391,0.000017144402591
1, 392,0.000029257969800
1, 393,0.000014549545995
1, 394,0.000025097473554
1, 395,0.000022805103072
1, 396,0.000022667745725
1, 397,0.000014108740288
1, 398,0.000018251810616
1, 399,0.000023302369300
1, 400,0.000023087064619
1, 401,0.000017698774172
1, 402,0.000018092021492
1, 403,0.000017869822841
1, 404,0.000023073998818
1, 405,0.000055134809372
1, 406,0.000023485179554
1, 407,0.000013685013073
1, 408,0.000016507134205
1, 409,0.000018856168026
1, 410,0.000022938678740
1, 411,0.000013247716197
1, 412,0.000021464704332
1, 413,0.000025299681511
1, 414,0.000021582496629
1, 415,0.000024497412596
1, 416,0.000023257425710
1, 417,0.000018319067749
1, 418,0.000019729592168
1, 419,0.000019606060960
1, 420,0.000016018459064
1, 421,0.000018429218471
1, 422,0.000014070474208
1, 423,0.000023251041057
1, 424,0.000014307129277
1, 425,0.000021219904738
1, 426,0.000020175190002
1, 427,0.000019383072868
1, 428,0.000019332052034
1, 429,0.000016900958144
1, 430,0.000020035962734
1, 431,0.000023459966542
1, 432,0.000025801387892
1, 433,0.000020770816263
1, 434,0.000022113146770
1, 435,0.000024056096663
1, 436,0.000021284429749
1, 437,0.000026245988920
1, 438,0.000013971857697
1, 439,0.000026814277589
1, 440,0.000013854325516
1, 441,0.000013054759620
1, 442,0.000016797068383
1, 443,0.000018245998945
1, 444,0.000020189705538
1, 445,0.000020559522454
1, 446,0.000016538933778
1, 447,0.000015734822227
1, 448,0.000020386916731
1, 449,0.000023774455258
1, 450,0.000017776705135
1, 451,0.000036252815335
1, 452,0.000017590389689
1, 453,0.000015888374037
1, 454,0.000027069334465
1, 455,0.000015319856175
1, 456,0.000013233958271
1, 457,0.000017623127860
1, 458,0.000016671658159
1, 459,0.000020865789338
1, 460,0.000028824397305
1, 461,0.000021767014914
1, 462,0.000017631584342
1, 463,0.000019823071852
1, 464,0.000018817258024
1, 465,0.000023352009521
1, 466,0.000017672778995
1, 467,0.000024501805456
1, 468,0.000022731965146
1, 469,0.000030188264645
1, 470,0.000019042166969
1, 471,0.000024784712878
1, 472,0.000020533643692
1, 473,0.000026520048777
1, 474,0.000021439236662
1, 475,0.000019494151275
1, 476,0.000023074751880
1, 477,0.000024195547667
1, 478,0.000021163774363
1, 479,0.000016697227693
1, 480,0.000013016062439
1, 481,0.000018678671040
1, 482,0.000022078196707
1, 483,0.000020244304324
1, 484,0.000016281892385
1, 485,0.000014781158825
1, 486,0.000040038492443
1, 487,0.000013877007405
1, 488,0.000021873012884
1, 489,0.000019240418624
1, 490,0.000019921662897
1, 491,0.000028128792110
1, 492,0.000012469036847
1, 493,0.000015337971490
1, 494,0.000014264634046
1, 495,0.000020063072952
1, 496,0.000022974098101
1, 497,0.000017239430235
1, 498,0.000020570350898
1, 499,0.000018915623514
1, 500,0.000019536857508
1, 501,0.000017340418708
1, 502,0.000030151642932
1, 503,0.000028320173442
1, 504,0.000020047951693
1, 505,0.000019158998839
1, 506,0.000022413561965
1, 507,0.000011434459338
1, 508,0.000022343061573
1, 509,0.000019143126337
1, 510,0.000014920394278
1, 511,0.000029134584111
1, 512,0.000022844860723
1, 513,0.000020179679268
1, 514,0.000015729729057
1, 515,0.000014069412828
1, 516,0.000015786454242
1, 517,0.000017445860067
1, 518,0.000017002790628
1, 519,0.000013224537724
1, 520,0.000023065447749
1, 521,0.000021686559194
1, 522,0.000024801400286
1, 523,0.000027718180718
1, 524,0.000018192273274
1, 525,0.000010687942449
1, 526,0.000021102747269
1, 527,0.000023718419470
1, 528,0.000020121204216
1, 529,0.000020825713364
1, 530,0.000020384502932
1, 531,0.000014839179130
1, 532,0.000017896654754
1, 533,0.000018731332602
1, 534,0.000021970337912
1, 535,0.000023934238925
1, 536,0.000019507418983
1, 537,0.000029294704291
1, 538,0.000020682971808
1, 539,0.000010773013855
1, 540,0.000025285016818
1, 541,0.000023003072783
1, 542,0.000017571745047
1, 543,0.000012484459148
1, 544,0.000013624351595
1, 545,0.000024860502890
1, 546,0.000018008273400
1, 547,0.000023484646590
1, 548,0.000020255414711
1, 549,0.000017389851564
1, 550,0.000022276562959
1, 551,0.000024427245080
1, 552,0.000019020506443
1, 553,0.000015462659576
1, 554,0.000016719885025
1, 555,0.000015625597371
1, 556,0.000023559181500
1, 557,0.000018645183445
1, 558,0.000025095519959
1, 559,0.000015091496607
1, 560,0.000025531016945
1, 561,0.000012468039131
1, 562,0.000016381613023
1, 563,0.000018785558495
1, 564,0.000017457481590
1, 565,0.000014725494111
1, 566,0.000015097888536
1, 567,0.000016744730601
1, 568,0.000020116749511
1, 569,0.000014480545360
1, 570,0.000012510708075
1, 571,0.000020326773665
1, 572,0.000030701710784
1, 573,0.000021712334274
1, 574,0.000020302921257
1, 575,0.000018463335437
1, 576,0.000021727979401
1, 577,0.000022116344553
1, 578,0.000017442580429
1, 579,0.000023292101105
1, 580,0.000017735494112
1, 581,0.000012143816093
1, 582,0.000017404878236
1, 583,0.000023896451239
1, 584,0.000019844517738
1, 585,0.000017865388145
1, 586,0.000014313952306
1, 587,0.000028656308132
1, 588,0.000028515569284
1, 589,0.000019314064048
1, 590,0.000019172361135
1, 591,0.000016022579075
1, 592,0.000024082019081
1, 593,0.000025256829758
1, 594,0.000015847452232
1, 595,0.000027141137252
1, 596,0.000015961297322
1, 597,0.000018791350158
1, 598,0.000020067202058
1, 599,0.000020402390874
1, 600,0.000014213783288
1, 601,0.000014782262951
1, 602,0.000024962035241
1, 603,0.000019078106561
1, 604,0.000017363339794
1, 605,0.000016888363461
1, 606,0.000029371451092
1, 607,0.000016290247004
1, 608,0.000019778133719
1, 609,0.000020154640879
1, 610,0.000020195437173
1, 611,0.000020403133021
1, 612,0.000026960296964
1, 613,0.000017696240320
1, 614,0.000022225154680
1, 615,0.000020162857254
1, 616,0.000022009302484
1, 617,0.000021760421077
1, 618,0.000012155855075
1, 619,0.000021246114557
1, 620,0.000024940591175
1, 621,0.000018161632397
1, 622,0.000015599893231
1, 623,0.000024726805350
1, 624,0.000032390467823
1, 625,0.000021775504138
1, 626,0.000016598170987
1, 627,0.000016024227079
1, 628,0.000020164274247
1, 629,0.000025625478884
1, 630,0.000020356423192
1, 631,0.000011107119462
1, 632,0.000024045477403
1, 633,0.000016120933651
1, 634,0.000023571228667
1, 635,0.000029311820981
1, 636,0.000010891934835
1, 637,0.000019475422960
1, 638,0.000020943811251
1, 639,0.000013707712242
1, 640,0.000012285227058
1, 641,0.000012497193893
1, 642,0.000020563649741
1, 643,0.000022725991585
1, 644,0.000012084894479
1, 645,0.000016557731215
1, 646,0.000016793761461
1, 647,0.000019986682673
1, 648,0.000023232900276
1, 649,0.000015146670194
1, 650,0.000020860759832
1, 651,0.000020186917027
1, 652,0.000017218186258
1, 653,0.000028104903322
1, 654,0.000025040762921
1, 655,0.000024130638849
1, 656,0.000024178320018
1, 657,0.000021596899387
1, 658,0.000017738999304
1, 659,0.000015443058146
1, 660,0.000020072153347
1, 661,0.000017962513084
1, 662,0.000014374499187
1, 663,0.000023477356081
1, 664,0.000022730167984
1, 665,0.000019144903490
1, 666,0.000014630836631
1, 667,0.000013376415154
1, 668,0.000019704446458
1, 669,0.000014732960153
1, 670,0.000021099027435
1, 671,0.000026610616260
1, 672,0.000024494651370
1, 673,0.000014550619198
1, 674,0.000021371541152
1, 675,0.000012266847989
1, 676,0.000022576332412
1, 677,0.000013993816538
1, 678,0.000022998656277
1, 679,0.000017882326574
1, 680,0.000022046782760
1, 681,0.000020883366233
1, 682,0.000018454160454
1, 683,0.000020876279450
1, 684,0.000022862725018
1, 685,0.000020235003831
1, 686,0.000025090377676
1, 687,0.000036076969991
1, 688,0.000025650253519
1, 689,0.000028187942007
1, 690,0.000023661188607
1, 691,0.000018505610569
1, 692,0.000015859797713
1, 693,0.000026069332307
1, 694,0.000025319566703
1, 695,0.000026820465791
1, 696,0.000021006200768
1, 697,0.000021160421966
1, 698,0.000026761361369
1, 699,0.000013851806216
1, 700,0.000020690806195
1, 701,0.000025135532269
1, 702,0.000023789563784
1, 703,0.000023047039576
1, 704,0.000016945090465
1, 705,0.000021095618649
1, 706,0.000024680768547
1, 707,0.000028858981750
1, 708,0.000014924658899
1, 709,0.000025316310712
1, 710,0.000025691064366
1, 711,0.000016557478375
1, 712,0.000024140021196
1, 713,0.000020630835934
1, 714,0.000018372929844
1, 715,0.000021726325940
1, 716,0.000014741745872
1, 717,0.000017801912691
1, 718,0.000017951380869
1, 719,0.000024550987291
1, 720,0.000025002271286
1, 721,0.000022089341655
1, 722,0.000028312733775
1, 723,0.000028369493521
1, 724,0.000032126819860
1, 725,0.000016462474377
1, 726,0.000013302026673
1, 727,0.000016187408619
1, 728,0.000013170913007
1, 729,0.000010861306691
1, 730,0.000017459795345
1, 731,0.000011945733604
1, 732,0.000025651374017
1, 733,0.000023824639356
1, 734,0.000020982479327
1, 735,0.000014941329937
1, 736,0.000023047457944
1, 737,0.000017272945115
1, 738,0.000015845540474
1, 739,0.000017338381440
1, 740,0.000015045142391
1, 741,0.000022490030460
1, 742,0.000020208435672
1, 743,0.000015614989024
2, 0,0.000022212321710
2, 1,0.000014463505067
2, 2,0.000016992322344
2, 3,0.000018874787202
2, 4,0.000018336331777
2, 5,0.000019339742721
2, 6,0.000019617040380
2, 7,0.000020454870537
2, 8,0.000012317835171
2, 9,0.000015670284483
2, 10,0.000020494335331
2, 11,0.000022578626158
2, 12,0.000017133075744
2, 13,0.000016620711904
2, 14,0.000021828218451
2, 15,0.000028526466849
2, 16,0.000018820681362
2, 17,0.000024181954359
2, 18,0.000012963090740
2, 19,0.000027547386708
2, 20,0.000017535623556
2, 21,0.000025193170586
2, 22,0.000018640772396
2, 23,0.000015171943232
2, 24,0.000020376219254
2, 25,0.000023620987122
2, 26,0.000016763387976
2, 27,0.000015004598936
2, 28,0.000013748708625
2, 29,0.000015916693883
2, 30,0.000021425428713
2, 31,0.000023779564799
2, 32,0.000022987560442
2, 33,0.000021637029931
2, 34,0.000016363914256
2, 35,0.000017655527699
2, 36,0.000024331131499
2, 37,0.000015603740394
2, 38,0.000020033587134
2, 39,0.000023192749723
2, 40,0.000010975345504
2, 41,0.000027387226510
2, 42,0.000023495320420
2, 43,0.000022903717763
2, 44,0.000017413300156
2, 45,0.000015984369384
2, 46,0.000030595318094
2, 47,0.000013323815438
2, 48,0.000022855540010
2, 49,0.000015498168068
2, 50,0.000015746698409
2, 51,0.000013659526303
2, 52,0.000017404285245
2, 53,0.000023715751013
2, 54,0.000022256279408
2, 55,0.000022775857360
2, 56,0.000022467807867
2, 57,0.000016966012481
2, 58,0.000019053126380
2, 59,0.000024300334189
2, 60,0.000019055538360
2, 61,0.000023831720682
2, 62,0.000026171337595
2, 63,0.000015217725377
2, 64,0.000023228909413
2, 65,0.000018414988517
2, 66,0.000019063023501
2, 67,0.000017132506400
2, 68,0.000019679131583
2, 69,0.000022397349312
2, 70,0.000022786864065
2, 71,0.000021368085072
2, 72,0.000018307791834
2, 73,0.000014534878574
2, 74,0.000020227098503
2, 75,0.000023092716219
2, 76,0.000016780768419
2, 77,0.000018382284907
2, 78,0.000021801883122
2, 79,0.000024383334676
2, 80,0.000022093987354
2, 81,0.000016926038370
2, 82,0.000020741517801
2, 83,0.000017845461116
2, 84,0.000021818010282
2, 85,0.000018081114831
2, 86,0.000022980007998
2, 87,0.000016335086912
2, 88,0.000018564642232
2, 89,0.000020170447897
2, 90,0.000020035715352
2, 91,0.000019433329726
2, 92,0.000017581953216
2, 93,0.000023415403120
2, 94,0.000019434934075
2, 95,0.000020529705580
2, 96,0.000013007072994
2, 97,0.000013223329006
2, 98,0.000021225743694
2, 99,0.000019398534278
2, 100,0.000017029398805
2, 101,0.000019872943085
2, 102,0.000022164127586
2, 103,0.000027485595638
2, 104,0.000023128108296
2, 105,0.000026045474442
2, 106,0.000023464799597
2, 107,0.000020683452021
2, 108,0.000013458974536
2, 109,0.000020438919819
2, 110,0.000020213785319
2, 111,0.000011224069567
2, 112,0.000019147211788
2, 113,0.000014619498870
2, 114,0.000010828534869
2, 115,0.000022949298000
2, 116,0.000014523503523
2, 117,0.000032697400457
2, 118,0.000013209927602
2, 119,0.000015752018953
2, 120,0.000024674924134
2, 121,0.000025523268050
2, 122,0.000017979680706
2, 123,0.000017965920051
2, 124,0.000015747749785
2, 125,0.000021175477741
2, 126,0.000019584513211
2, 127,0.000018501041268
2, 128,0.000017220179870
2, 129,0.000020636260160
2, 130,0.000021044605091
2, 131,0.000022214897399
2, 132,0.000020859681172
2, 133,0.000018831036869
2, 134,0.000019090402930
2, 135,0.000020155732273
2, 136,0.000023715831048
2, 137,0.000020283463527
2, 138,0.000023405578759
2, 139,0.000020654988475
2, 140,0.000017473686967
2, 141,0.000023424494429
2, 142,0.000020413679522
2, 143,0.000019650458853
2, 144,0.000017166496036
2, 145,0.000016148878785
2, 146,0.000020900426534
2, 147,0.000023871320082
2, 148,0.000061040635046
2, 149,0.000025229544917
2, 150,0.000025134337193
2, 151,0.000015649404304
2, 152,0.000017237787688
2, 153,0.000019598959625
2, 154,0.000026483092370
2, 155,0.000022832788090
2, 156,0.000016055069864
2, 157,0.000021328085495
2, 158,0.000015277864804
2, 159,0.000023616948965
2, 160,0.000017332840798
2, 161,0.000007853512216
2, 162,0.000021207248210
2, 163,0.000013269185729
2, 164,0.000315723882522
2, 165,0.000018427648683
2, 166,0.000028876429496
2, 167,0.000030755814805
2, 168,0.000018562584955
2, 169,0.000014502732483
2, 170,0.000021328418370
2, 171,0.000024160488465
2, 172,0.000021377803932
2, 173,0.000019295483071
2, 174,0.000014173048839
2, 175,0.000027990168746
2, 176,0.000018486205590
2, 177,0.000013703353034
2, 178,0.000019397020878
2, 179,0.000017946322259
2, 180,0.000023977570891
2, 181,0.000025628400181
2, 182,0.000022511696443
2, 183,0.000017931593902
2, 184,0.000013569262592
2, 185,0.000019628267182
2, 186,0.000010549715626
2, 187,0.000016231524569
2, 188,0.000015803389033
2, 189,0.000015878704289
2, 190,0.000019614291887
2, 191,0.000025693389034
2, 192,0.000018639268092
2, 193,0.000092241039965
2, 194,0.000026967047233
2, 195,0.000019274835722
2, 196,0.000022499687475
2, 197,0.000020016675990
2, 198,0.000026659319701
2, 199,0.000025218721930
2, 200,0.000020112087441
2, 201,0.000017818030756
2, 202,0.000024375916837
2, 203,0.000115995535452
2, 204,0.000019850478566
2, 205,0.000017505941287
2, 206,0.000023599644919
2, 207,0.000018584230929
2, 208,0.000022474716388
2, 209,0.000016808340661
2, 210,0.000024721723094
2, 211,0.000013609437701
2, 212,0.000019114917450
2, 213,0.000026135905500
2, 214,0.000020366611352
2, 215,0.000021945659682
2, 216,0.000011342736798
2, 217,0.000022636828362
2, 218,0.000018683818780
2, 219,0.000024022603611
2, 220,0.000017978018150
2, 221,0.000020730087272
2, 222,0.000021066169211
2, 223,0.000020233217583
2, 224,0.000015994135538
2, 225,0.000016755742763
2, 226,0.000019883342247
2, 227,0.000010370193195
2, 228,0.000018259708668
2, 229,0.000018477378035
2, 230,0.000010691304851
2, 231,0.000023040496671
2, 232,0.000018307109713
2, 233,0.000015030012946
2, 234,0.000019166582206
2, 235,0.000020097702873
2, 236,0.000015108501429
2, 237,0.000021929970899
2, 238,0.000015692778106
2, 239,0.000018968690711
2, 240,0.000018790926333
2, 241,0.000018750981326
2, 242,0.000014266205653
2, 243,0.000014373947124
2, 244,0.000016501371647
2, 245,0.000030751281884
2, 246,0.000016311618310
2, 247,0.000027478237826
2, 248,0.000022382888346
2, 249,0.000014589327293
2, 250,0.000017862417735
2, 251,0.000009424484233
2, 252,0.000015937699573
2, 253,0.000021561079848
2, 254,0.000018436106984
2, 255,0.000009280818631
2, 256,0.000013711441170
2, 257,0.000012083644833
2, 258,0.000014530811313
2, 259,0.000023787177270
2, 260,0.000009153985047
2, 261,0.000019033801436
2, 262,0.000021323063265
2, 263,0.000012018505913
2, 264,0.000015764586351
2, 265,0.000015864696252
2, 266,0.000021581454348
2, 267,0.000018389539036
2, 268,0.000026644886020
2, 269,0.000013739700989
2, 270,0.000024288145141
2, 271,0.000022100421120
2, 272,0.000017820075300
2, 273,0.000019548988348
2, 274,0.000018298766008
2, 275,0.000022000875106
2, 276,0.000021544052288
2, 277,0.000020928320737
2, 278,0.000010877086424
2, 279,0.000017638127247
2, 280,0.000016840200260
2, 281,0.000020536645025
2, 282,0.000017936416043
2, 283,0.000021963669496
2, 284,0.000022033622372
2, 285,0.000026429976060
2, 286,0.000025391833333
2, 287,0.000024222865250
2, 288,0.000016325380784
2, 289,0.000013254903024
2, 290,0.000011380277101
2, 291,0.000024404256692
2, 292,0.000017369518901
2, 293,0.000013751602637
2, 294,0.000022756730687
2, 295,0.000024625378501
2, 296,0.000017669422959
2, 297,0.000023317470550
2, 298,0.000011733756764
2, 299,0.000023773272915
2, 300,0.000019265344235
2, 301,0.000018969662051
2, 302,0.000018649179765
2, 303,0.000015986175640
2, 304,0.000016584364857
2, 305,0.000016448979295
2, 306,0.000021515106710
2, 307,0.000021876716346
2, 308,0.000026295130738
2, 309,0.000019858152882
2, 310,0.000020504810891
2, 311,0.000014198391000
2, 312,0.000011071551853
2, 313,0.000019561901354
2, 314,0.000019109622372
2, 315,0.000040172162699
2, 316,0.000024445736926
2, 317,0.000019786621124
2, 318,0.000027849342587
2, 319,0.000016952044462
2, 320,0.000024103148462
2, 321,0.000023732494810
2, 322,0.000026408419217
2, 323,0.000017003896573
2, 324,0.000020067662263
2, 325,0.000014538340110
2, 326,0.000019708601030
2, 327,0.000022052792701
2, 328,0.000021261110305
2, 329,0.000013552915334
2, 330,0.000120028795209
2, 331,0.000011999056369
2, 332,0.000019853003323
2, 333,0.000027352627512
2, 334,0.000009561893421
2, 335,0.000019698178221
2, 336,0.000024001037673
2, 337,0.000013840520296
2, 338,0.000016679694454
2, 339,0.000018764636479
2, 340,0.000021464953534
2, 341,0.000019374707335
2, 342,0.000023667624191
2, 343,0.000016902569769
2, 344,0.000017093871065
2, 345,0.000014926111362
2, 346,0.000019110053472
2, 347,0.000013988077626
2, 348,0.000024262306397
2, 349,0.000020300629330
2, 350,0.000026339712349
2, 351,0.000013619478523
2, 352,0.000022785745386
2, 353,0.000025073653887
2, 354,0.000025802313758
2, 355,0.000018732516764
2, 356,0.000022237871235
2, 357,0.000018753155018
2, 358,0.000019626480935
2, 359,0.000022445439754
2, 360,0.000025952431315
2, 361,0.000017589200070
2, 362,0.000022424357667
2, 363,0.000026546824301
2, 364,0.000017305605070
2, 365,0.000025467201340
2, 366,0.000023738251912
2, 367,0.000024065488105
2, 368,0.000013661638150
2, 369,0.000013832240256
2, 370,0.000023817714464
2, 371,0.000027506997867
2, 372,0.000010797592950
2, 373,0.000024195482183
2, 374,0.000019453640562
2, 375,0.000018727381757
2, 376,0.000024716850021
2, 377,0.000014964437469
2, 378,0.000018797712983
2, 379,0.000022594324037
2, 380,0.000013634542483
2, 381,0.000014290103536
2, 382,0.000021258581910
2, 383,0.000022732565412
2, 384,0.000025494477086
2, 385,0.000041031817091
2, 386,0.000022387283025
2, 387,0.000026202096706
2, 388,0.000013906553249
2, 389,0.000017606987967
2, 390,0.000013990013940
2, 391,0.000017283915440
2, 392,0.000016053503714
2, 393,0.000021563017071
2, 394,0.000014541165910
2, 395,0.000018919208742
2, 396,0.000015200762391
2, 397,0.000014663740330
2, 398,0.000015946399799
2, 399,0.000015753459593
2, 400,0.000022736086976
2, 401,0.000016140449588
2, 402,0.000021787383957
2, 403,0.000016299974959
2, 404,0.000009827384019
2, 405,0.000033080134017
2, 406,0.000015076165255
2, 407,0.000017381695216
2, 408,0.000019259525288
2, 409,0.000016955345927
2, 410,0.000021437756004
2, 411,0.000013789216609
2, 412,0.000018841763449
2, 413,0.000022773932869
2, 414,0.000014644176190
2, 415,0.000017069471141
2, 416,0.000017833839593
2, 417,0.000014937870219
2, 418,0.000016885000150
2, 419,0.000021126508727
2, 420,0.000020108969693
2, 421,0.000016681036868
2, 422,0.000017999291231
2, 423,0.000017152582586
2, 424,0.000021765828933
2, 425,0.000015238248125
2, 426,0.000021638277758
2, 427,0.000023478509320
2, 428,0.000034595399484
2, 429,0.000023447833883
2, 430,0.000018809612811
2, 431,0.000027721409424
2, 432,0.000015658908524
2, 433,0.000016965503164
2, 434,0.000025746425308
2, 435,0.000017563323127
2, 436,0.000017416832634
2, 437,0.000024606726583
2, 438,0.000018455100872
2, 439,0.000017572850993
2, 440,0.000015864874513
2, 441,0.000024307422791
2, 442,0.000018317681679
2, 443,0.000027942474844
2, 444,0.000017063743144
2, 445,0.000020085783035
2, 446,0.000021368163289
2, 447,0.000014882866708
2, 448,0.000018722979803
2, 449,0.000012410857380
2, 450,0.000020359737391
2, 451,0.000012634494851
2, 452,0.000024053371817
2, 453,0.000026644513127
2, 454,0.000021014016966
2, 455,0.000020001660232
2, 456,0.000020834577299
2, 457,0.000023257702196
2, 458,0.000016940583009
2, 459,0.000012475918993
2, 460,0.000024045726605
2, 461,0.000019323841116
2, 462,0.000021691494112
2, 463,0.000013609083908
2, 464,0.000023846618205
2, 465,0.000010534202374
2, 466,0.000021436961106
2, 467,0.000021749012376
2, 468,0.000018316435671
2, 469,0.000014491695765
2, 470,0.000018667715267
2, 471,0.000016091762518
2, 472,0.000018772554540
2, 473,0.000023014641556
2, 474,0.000021243209630
2, 475,0.000014846134036
2, 476,0.000018397226086
2, 477,0.000016956748368
2, 478,0.000026105341021
2, 479,0.000026139721740
2, 480,0.000018645101591
2, 481,0.000020102783310
2, 482,0.000016376729036
2, 483,0.000017913185729
2, 484,0.000012907679775
2, 485,0.000020616276743
2, 486,0.000019787052224
2, 487,0.000016625854187
2, 488,0.000032189112972
2, 489,0.000032159950933
2, 490,0.000017463326003
2, 491,0.000029847224141
2, 492,0.000023731434339
2, 493,0.000015368146705
2, 494,0.000018795488359
2, 495,0.000019841085305
2, 496,0.000013782326278
2, 497,0.000015931598682
2, 498,0.000020347699319
2, 499,0.000024624050639
2, 500,0.000031785919418
2, 501,0.000020637628040
2, 502,0.000023847427656
2, 503,0.000020599096388
2, 504,0.000021522186216
2, 505,0.000024612600100
2, 506,0.000026076762879
2, 507,0.000011160472241
2, 508,0.000024598250093
2, 509,0.000016816326024
2, 510,0.000030431396226
2, 511,0.000024682884032
2, 512,0.000036292734876
2, 513,0.000022301845092
2, 514,0.000017267760995
2, 515,0.000024941869924
2, 516,0.000018156157239
2, 517,0.000018695502149
2, 518,0.000020218356440
2, 519,0.000018246837499
2, 520,0.000019187929865
2, 521,0.000022927168175
2, 522,0.000026380072086
2, 523,0.000019293649530
2, 524,0.000020387178665
2, 525,0.000033175583667
2, 526,0.000025114677555
2, 527,0.000030699047784
2, 528,0.000023575421437
2, 529,0.000021230556740
2, 530,0.000022698975954
2, 531,0.000017259711967
2, 532,0.000021157829906
2, 533,0.000025638079023
2, 534,0.000029051070669
2, 535,0.000015348914530
2, 536,0.000021145289793
2, 537,0.000021665699023
2, 538,0.000022750873541
2, 539,0.000016948250050
2, 540,0.000016449499526
2, 541,0.000015136939510
2, 542,0.000023337694074
2, 543,0.000015684026948
2, 544,0.000020258463337
2, 545,0.000018318958610
2, 546,0.000023521535695
2, 547,0.000011199668734
2, 548,0.000021367597583
2, 549,0.000019596353013
2, 550,0.000016067217075
2, 551,0.000020352023057
2, 552,0.000020365398086
2, 553,0.000024063348974
2, 554,0.000025239558454
2, 555,0.000018603415811
2, 556,0.000016276037059
2, 557,0.000016968313503
2, 558,0.000022670623366
2, 559,0.000011973514120
2, 560,0.000021258347260
2, 561,0.000016378293367
2, 562,0.000018215223463
2, 563,0.000012053353203
2, 564,0.000028220074455
2, 565,0.000024350621970
2, 566,0.000017574977392
2, 567,0.000019908316972
2, 568,0.000021100759113
2, 569,0.000025515435482
2, 570,0.000017112606656
2, 571,0.000019884877474
2, 572,0.000022245054424
2, 573,0.000014712773009
2, 574,0.000021326981368
2, 575,0.000020190696887
2, 576,0.000022559368517
2, 577,0.000020850686269
2, 578,0.000028887112421
2, 579,0.000013310121176
2, 580,0.000024053566449
2, 581,0.000018313427063
2, 582,0.000021164547434
2, 583,0.000012132841221
2, 584,0.000021408699467
2, 585,0.000030882849387
2, 586,0.000017487018340
2, 587,0.000006711908554
2, 588,0.000022372183594
2, 589,0.000010818336705
2, 590,0.000017274234779
2, 591,0.000022396525310
2, 592,0.000024700279027
2, 593,0.000021108091460
2, 594,0.000016008669263
2, 595,0.000022674363208
2, 596,0.000019822811737
2, 597,0.000018566955987
2, 598,0.000022596586859
2, 599,0.000029113012715
2, 600,0.000019948465706
2, 601,0.000010616167856
2, 602,0.000021639920305
2, 603,0.000019917635655
2, 604,0.000017574640879
2, 605,0.000014927919437
2, 606,0.000017323041902
2, 607,0.000021422383725
2, 608,0.000013931640751
2, 609,0.000013338786630
2, 610,0.000025221770557
2, 611,0.000023709053494
2, 612,0.000015784095012
2, 613,0.000018883030862
2, 614,0.000026233909011
2, 615,0.000020042776669
2, 616,0.000021699872377
2, 617,0.000019498429538
2, 618,0.000020593884983
2, 619,0.000019730940039
2, 620,0.000028148653655
2, 621,0.000021678981284
2, 622,0.000015678597265
2, 623,0.000018295802874
2, 624,0.000017805443349
2, 625,0.000010701039173
2, 626,0.000016856416551
2, 627,0.000029941020330
2, 628,0.000023991267881
2, 629,0.000015890258510
2, 630,0.000016756348487
2, 631,0.000018754164557
2, 632,0.000020716697691
2, 633,0.000027965039408
2, 634,0.000017246158677
2, 635,0.000023995666197
2, 636,0.000027669544579
2, 637,0.000027262092772
2, 638,0.000017138130715
2, 639,0.000024127211873
2, 640,0.000017293468773
2, 641,0.000017299524188
2, 642,0.000027459578632
2, 643,0.000015470624930
2, 644,0.000019527305994
2, 645,0.000021072170057
2, 646,0.000027667263566
2, 647,0.000025826453566
2, 648,0.000018714772523
2, 649,0.000012639531633
2, 650,0.000020333694920
2, 651,0.000027905198294
2, 652,0.000017183741875
2, 653,0.000018252267182
2, 654,0.000018273629394
2, 655,0.000018549204469
2, 656,0.000017369307898
2, 657,0.000021212477805
2, 658,0.000018103881303
2, 659,0.000019828326913
2, 660,0.000017857342755
2, 661,0.000014653923245
2, 662,0.000017552338250
2, 663,0.000022248237656
2, 664,0.000024142947950
2, 665,0.000018566892322
2, 666,0.000014420272237
2, 667,0.000019568837160
2, 668,0.000025011249818
2, 669,0.000022055672162
2, 670,0.000017323312932
2, 671,0.000018555641873
2, 672,0.000017454081899
2, 673,0.000021679114070
2, 674,0.000019001745386
2, 675,0.000016955498722
2, 676,0.000017163471057
2, 677,0.000017181020667
2, 678,0.000019900542611
2, 679,0.000019823337425
2, 680,0.000009839839549
2, 681,0.000015900681319
2, 682,0.000016165753550
2, 683,0.000013066140127
2, 684,0.000013279395716
2, 685,0.000021212457796
2, 686,0.000016575113477
2, 687,0.000018174541765
2, 688,0.000013134399524
2, 689,0.000024731847589
2, 690,0.000018439441192
2, 691,0.000015849813281
2, 692,0.000019693750801
2, 693,0.000018829048713
2, 694,0.000015556395738
2, 695,0.000018576427465
2, 696,0.000020809362468
2, 697,0.000020001762095
2, 698,0.000025141454898
2, 699,0.000016454130673
2, 700,0.000020668314392
2, 701,0.000017540422050
2, 702,0.000020994380975
2, 703,0.000015820276531
2, 704,0.000021536658096
2, 705,0.000013272734577
2, 706,0.000014543372345
2, 707,0.000017019016013
2, 708,0.000018833781724
2, 709,0.000021156190996
2, 710,0.000016029585822
2, 711,0.000021255798856
2, 712,0.000016022046111
2, 713,0.000023069082090
2, 714,0.000022698603061
2, 715,0.000058933448599
2, 716,0.000020988116376
2, 717,0.000010951002878
2, 718,0.000013159909031
2, 719,0.000012327681361
2, 720,0.000019590106604
2, 721,0.000024103565011
2, 722,0.000025164030376
2, 723,0.000020761508495
2, 724,0.000020745588699
2, 725,0.000019462542696
2, 726,0.000016544256141
2, 727,0.000023711934773
2, 728,0.000015980362150
2, 729,0.000024176959414
2, 730,0.000015141793483
2, 731,0.000021140793251
2, 732,0.000023251952371
2, 733,0.000009539684470
2, 734,0.000022671405532
2, 735,0.000018932018065
2, 736,0.000012014057575
2, 737,0.000013283278349
2, 738,0.000020596309696
2, 739,0.000020032466637
2, 740,0.000019334469471
2, 741,0.000017308972019
2, 742,0.000020865350962
2, 743,0.000013983170902
3, 0,0.000019157017960
3, 1,0.000021272855520
3, 2,0.000019726337996
3, 3,0.000010684068002
3, 4,0.000023738555683
3, 5,0.000018496624762
3, 6,0.000014646170712
3, 7,0.000015593339413
3, 8,0.000019557304768
3, 9,0.000017214846594
3, 10,0.000023624412279
3, 11,0.000008141859325
3, 12,0.000027399495593
3, 13,0.000020461615350
3, 14,0.000011443424228
3, 15,0.000017363683583
3, 16,0.000020229112124
3, 17,0.000022831694878
3, 18,0.000014366626601
3, 19,0.000017271147954
3, 20,0.000015887844711
3, 21,0.000014575851310
3, 22,0.000028946382372
3, 23,0.000021266989279
3, 24,0.000023512118787
3, 25,0.000010950593605
3, 26,0.000015756986613
3, 27,0.000020912371838
3, 28,0.000020408609998
3, 29,0.000026736637665
3, 30,0.000017362024664
3, 31,0.000010174023373
3, 32,0.000024790866519
3, 33,0.000018273452952
3, 34,0.000013354334442
3, 35,0.000022080028430
3, 36,0.000015755133063
3, 37,0.000019703098587
3, 38,0.000017653146642
3, 39,0.000020340727133
3, 40,0.000022371545128
3, 41,0.000014409191863
3, 42,0.000026877134587
3, 43,0.000020891742679
3, 44,0.000018612647182
3, 45,0.000014183457097
3, 46,0.000018588649255
3, 47,0.000024010696507
3, 48,0.000012858471564
3, 49,0.000016993237296
3, 50,0.000015929985238
3, 51,0.000015844761947
3, 52,0.000015649271518
3, 53,0.000013489315279
3, 54,0.000021007341275
3, 55,0.000023422800950
3, 56,0.000017304046196
3, 57,0.000015748244550
3, 58,0.000020164490707
3, 59,0.000028855582059
3, 60,0.000014628297322
3, 61,0.000021375881261
3, 62,0.000025662900953
3, 63,0.000013463776668
3, 64,0.000018928167265
3, 65,0.000025716955861
3, 66,0.000021256166292
3, 67,0.000017447282517
3, 68,0.000032662730518
3, 69,0.000021879415726
3, 70,0.000015559362510
3, 71,0.000020383953597
3, 72,0.000018338345399
3, 73,0.000017306270820
3, 74,0.000012144770153
3, 75,0.000023624807000
3, 76,0.000015087781321
3, 77,0.000019725150196
3, 78,0.000017407239284
3, 79,0.000022675019864
3, 80,0.000020117320673
3, 81,0.000019021872504
3, 82,0.000014857339011
3, 83,0.000020896584829
3, 84,0.000013266517271
3, 85,0.000020435574697
3, 86,0.000019078930563
3, 87,0.000010137854588
3, 88,0.000021655107048
3, 89,0.000125989812659
3, 90,0.000017672480681
3, 91,0.000027158605008
3, 92,0.000020952562409
3, 93,0.000016399711967
3, 94,0.000023941707695
3, 95,0.000010778959222
3, 96,0.000013399211639
3, 97,0.000014467295841
3, 98,0.000014797538824
3, 99,0.000023008356948
3, 100,0.000024582728656
3, 101,0.000017279431631
3, 102,0.000015064912986
3, 103,0.000020333109205
3, 104,0.000026726111173
3, 105,0.000021498453862
3, 106,0.000012502950995
3, 107,0.000020383349693
3, 108,0.000018350261598
3, 109,0.000013315258002
3, 110,0.000017490361643
3, 111,0.000025630853997
3, 112,0.000017084235878
3, 113,0.000025486051527
3, 114,0.000025055909646
3, 115,0.000014422957975
3, 116,0.000015179035472
3, 117,0.000016822014004
3, 118,0.000018131135221
3, 119,0.000031828225474
3, 120,0.000022246666049
3, 121,0.000025118313715
3, 122,0.000022890913897
3, 123,0.000017549526092
3, 124,0.000013749036043
3, 125,0.000017499467504
3, 126,0.000020540146579
3, 127,0.000022388669095
3, 128,0.000025222827389
3, 129,0.000020275303541
3, 130,0.000018896405891
3, 131,0.000024202241548
3, 132,0.000023023430913
3, 133,0.000023871940357
3, 134,0.000018145932700
3, 135,0.000020435649276
3, 136,0.000017827236661
3, 137,0.000025480701879
3, 138,0.000016584863261
3, 139,0.000011907554835
3, 140,0.000011897775948
3, 141,0.000020161052817
3, 142,0.000020025390768
3, 143,0.000017405072867
3, 144,0.000017527734599
3, 145,0.000018719114451
3, 146,0.000021332374672
3, 147,0.000016179530576
3, 148,0.000021279518478
3, 149,0.000011769412595
3, 150,0.000091168723884
3, 151,0.000013329751710
3, 152,0.000016267409592
3, 153,0.000020744728317
3, 154,0.000020226865672
3, 155,0.000018459628336
3, 156,0.000029086453651
3, 157,0.000021720208679
3, 158,0.000020524264983
3, 159,0.000034148230043
3, 160,0.000024536599085
3, 161,0.000012085350136
3, 162,0.000021692596420
3, 163,0.000021222431315
3, 164,0.000014648408978
3, 165,0.000021230067432
3, 166,0.000020997342290
3, 167,0.000022665715733
3, 168,0.000022319181880
3, 169,0.000022336642360
3, 170,0.000026459609217
3, 171,0.000015684699974
3, 172,0.000020189827410
3, 173,0.000020225907065
3, 174,0.000019888708266
3, 175,0.000015767682271
3, 176,0.000024117460271
3, 177,0.000017208662030
3, 178,0.000018700446162
3, 179,0.000029822207580
3, 180,0.000022285425075
3, 181,0.000018299439034
3, 182,0.000023246948331
3, 183,0.000019781045921
3, 184,0.000015708727005
3, 185,0.000022612211978
3, 186,0.000017743674107
3, 187,0.000014198457393
3, 188,0.000016124624381
3, 189,0.000017530443074
3, 190,0.000014476188881
3, 191,0.000021331363314
3, 192,0.000020031746317
3, 193,0.000021133186237
3, 194,0.000020811523427
3, 195,0.000018854270820
3, 196,0.000017559637854
3, 197,0.000022468346287
3, 198,0.000021987476430
3, 199,0.000020415771360
3, 200,0.000031426890928
3, 201,0.000019570952645
3, 202,0.000017271451725
3, 203,0.000019009132302
3, 204,0.000029677645216
3, 205,0.000022792946766
3, 206,0.000022606753191
3, 207,0.000029706136047
3, 208,0.000029826869650
3, 209,0.000032109302992
3, 210,0.000024421780836
3, 211,0.000029446293411
3, 212,0.000027170470275
3, 213,0.000017460792151
3, 214,0.000023657910788
3, 215,0.000022327412807
3, 216,0.000020048464648
3, 217,0.000022527787223
3, 218,0.000024067561753
3, 219,0.000017481737814
3, 220,0.000021857629690
3, 221,0.000022931610147
3, 222,0.000018096412532
3, 223,0.000015904328393
3, 224,0.000009699064321
3, 225,0.000015584433640
3, 226,0.000024960012524
3, 227,0.000015889030692
3, 228,0.000013301805666
3, 229,0.000024721246518
3, 230,0.000017510294128
3, 231,0.000022628533770
3, 232,0.000023852882805
3, 233,0.000010915337953
3, 234,0.000016351348677
3, 235,0.000017222933820
3, 236,0.000019069031623
3, 237,0.000021722207748
3, 238,0.000018282520614
3, 239,0.000061146936787
3, 240,0.000022035845177
3, 241,0.000019234317733
3, 242,0.000023563479772
3, 243,0.000018158987587
3, 244,0.000105017548776
3, 245,0.000017208365534
3, 246,0.000016262252757
3, 247,0.000021440833734
3, 248,0.000017475002096
3, 249,0.000010948044292
3, 250,0.000019992776288
3, 251,0.000015976062059
3, 252,0.000025915640435
3, 253,0.000018129510863
3, 254,0.000017560661945
3, 255,0.000020779807528
3, 256,0.000014333999388
3, 257,0.000015401419660
3, 258,0.000019211795006
3, 259,0.000017910617316
3, 260,0.000011851643649
3, 261,0.000020098113964
3, 262,0.000011957320567
3, 263,0.000016167732610
3, 264,0.000011689843632
3, 265,0.000017666901840
3, 266,0.000011920921679
3, 267,0.000024140625101
3, 268,0.000019271501515
3, 269,0.000019397350115
3, 270,0.000025965216992
3, 271,0.000018214219381
3, 272,0.000019914807126
3, 273,0.000021230705897
3, 274,0.000025600555091
3, 275,0.000018569329768
3, 276,0.000018392269340
3, 277,0.000024818740712
3, 278,0.000020246930944
3, 279,0.000024532448151
3, 280,0.000021201933123
3, 281,0.000019022421839
3, 282,0.000025060158805
3, 283,0.000018563039703
3, 284,0.000012815159607
3, 285,0.000019596991478
3, 286,0.000020719247914
3, 287,0.000023456959752
3, 288,0.000017979420591
3, 289,0.000017394242604
3, 290,0.000017285747163
3, 291,0.000016509102352
3, 292,0.000021472338631
3, 293,0.000019548067939
3, 294,0.000021873078367
3, 295,0.000014695036953
3, 296,0.000015142481061
3, 297,0.000028540203857
3, 298,0.000021258512788
3, 299,0.000013804833543
3, 300,0.000020607361876
3, 301,0.000019038567189
3, 302,0.000014758902580
3, 303,0.000017111164198
3, 304,0.000017585814930
3, 305,0.000017460681192
3, 306,0.000021160047254
3, 307,0.000018227457986
3, 308,0.000017484901036
3, 309,0.000019784754841
3, 310,0.000019972459995
3, 311,0.000020153194782
3, 312,0.000024134107662
3, 313,0.000021494586690
3, 314,0.000066871485615
3, 315,0.000015731300664
3, 316,0.000019957402401
3, 317,0.000018220989659
3, 318,0.000020055298592
3, 319,0.000024962140742
3, 320,0.000011606596672
3, 321,0.000032167179597
3, 322,0.000018242517399
3, 323,0.000022738158805
3, 324,0.000015818854081
3, 325,0.000021227229809
3, 326,0.000019448258172
3, 327,0.000019558872737
3, 328,0.000018276159608
3, 329,0.000012842655451
3, 330,0.000019547494958
3, 331,0.000016933649022
3, 332,0.000024881790523
3, 333,0.000011901855032
3, 334,0.000050206159358
3, 335,0.000015541972971
3, 336,0.000015948397049
3, 337,0.000021443653168
3, 338,0.000023539165340
3, 339,0.000018287000785
3, 340,0.000013061060599
3, 341,0.000014239489246
3, 342,0.000012255477486
3, 343,0.000018364080461
3, 344,0.000010446866327
3, 345,0.000008674144738
3, 346,0.000017098289391
3, 347,0.000018438373445
3, 348,0.000011685264326
3, 349,0.000012191205315
3, 350,0.000027337018764
3, 351,0.000014115043996
3, 352,0.000020862238671
3, 353,0.000018466851543
3, 354,0.000011776771316
3, 355,0.000020283416234
3, 356,0.000015012633412
3, 357,0.000019558587155
3, 358,0.000022279138648
3, 359,0.000018675242245
3, 360,0.000024331124223
3, 361,0.000024921186196
3, 362,0.000022546906621
3, 363,0.000018936099877
3, 364,0.000029350543628
3, 365,0.000025004132112
3, 366,0.000014724659195
3, 367,0.000031296553061
3, 368,0.000016268611944
3, 369,0.000014351560822
3, 370,0.000013859781575
3, 371,0.000019767630874
3, 372,0.000024040213248
3, 373,0.000015876667021
3, 374,0.000016050267732
3, 375,0.000012564337339
3, 376,0.000019396104108
3, 377,0.000027124600820
3, 378,0.000024085451514
3, 379,0.000023569487894
3, 380,0.000016022935597
3, 381,0.000019563629394
3, 382,0.000025306433599
3, 383,0.000023385260647
3, 384,0.000020165380192
3, 385,0.000019572260499
3, 386,0.000010776130694
3, 387,0.000021336138161
3, 388,0.000020105484509
3, 389,0.000016940006390
3, 390,0.000015722489479
3, 391,0.000018513443138
3, 392,0.000024639606636
3, 393,0.000019672894268
3, 394,0.000023806760510
3, 395,0.000021555886633
3, 396,0.000019907802198
3, 397,0.000022290027118
3, 398,0.000019628327209
3, 399,0.000021693209419
3, 400,0.000018579874450
3, 401,0.000021492836822
3, 402,0.000023875212719
3, 403,0.000022369140424
3, 404,0.000019167146093
3, 405,0.000014649413060
3, 406,0.000017346495952
3, 407,0.000019073195290
3, 408,0.000018667775294
3, 409,0.000016764483007
3, 410,0.000023396663892
3, 411,0.000020848499844
3, 412,0.000020565446903
3, 413,0.000025396020646
3, 414,0.000018065284166
3, 415,0.000020443796529
3, 416,0.000021868536351
3, 417,0.000019451585104
3, 418,0.000018481268853
3, 419,0.000020996296371
3, 420,0.000025016421205
3, 421,0.000017965496227
3, 422,0.000016639623936
3, 423,0.000024081644369
3, 424,0.000025176130293
3, 425,0.000017320380721
3, 426,0.000019683542632
3, 427,0.000023269418307
3, 428,0.000020942628908
3, 429,0.000017155101887
3, 430,0.000023419725039
3, 431,0.000020417512133
3, 432,0.000024729954021
3, 433,0.000016273412257
3, 434,0.000018455586542
3, 435,0.000013169869817
3, 436,0.000019256529413
3, 437,0.000013220199435
3, 438,0.000026846520996
3, 439,0.000024225097150
3, 440,0.000011785522474
3, 441,0.000017529837351
3, 442,0.000020731800760
3, 443,0.000013706582649
3, 444,0.000013695823327
3, 445,0.000018225260646
3, 446,0.000019546505428
3, 447,0.000014114790247
3, 448,0.000021059795472
3, 449,0.000019099737983
3, 450,0.000020328048777
3, 451,0.000013570602277
3, 452,0.000017651018425
3, 453,0.000018587221348
3, 454,0.000027383868655
3, 455,0.000020814894015
3, 456,0.000023530490580
3, 457,0.000018628512407
3, 458,0.000018265720428
3, 459,0.000024809491151
3, 460,0.000022432650439
3, 461,0.000014294027096
3, 462,0.000034051365219
3, 463,0.000015703950339
3, 464,0.000024674953238
3, 465,0.000014499037206
3, 466,0.000019471999622
3, 467,0.000014977297724
3, 468,0.000017179327187
3, 469,0.000022950111088
3, 470,0.000022288857508
3, 471,0.000020157700419
3, 472,0.000013411881810
3, 473,0.000025427483706
3, 474,0.000131124208565
3, 475,0.000010719830243
3, 476,0.000024582419428
3, 477,0.000020891151507
3, 478,0.000015075462215
3, 479,0.000007306080079
3, 480,0.000016511727154
3, 481,0.000015198184883
3, 482,0.000018221764549
3, 483,0.000020418676286
3, 484,0.000018949069272
3, 485,0.000014255052520
3, 486,0.000012290856830
3, 487,0.000021839978217
3, 488,0.000012176346900
3, 489,0.000018752893084
3, 490,0.000013125576515
3, 491,0.000020150333512
3, 492,0.000024408203899
3, 493,0.000021531157472
3, 494,0.000028901178666
3, 495,0.000017882030079
3, 496,0.000015508298020
3, 497,0.000018565073333
3, 498,0.000027588312150
3, 499,0.000024434320949
3, 500,0.000020328050596
3, 501,0.000030330793379
3, 502,0.000016251473426
3, 503,0.000018003956939
3, 504,0.000016200174286
3, 505,0.000015322993931
3, 506,0.000022186000933
3, 507,0.000017303744244
3, 508,0.000025920435291
3, 509,0.000022144349714
3, 510,0.000027625266739
3, 511,0.000024691824365
3, 512,0.000018910048311
3, 513,0.000019773129679
3, 514,0.000020446885173
3, 515,0.000024665612727
3, 516,0.000021210244086
3, 517,0.000029476364944
3, 518,0.000017070971808
3, 519,0.000013294805285
3, 520,0.000025563949748
3, 521,0.000021731233574
3, 522,0.000021483288947
3, 523,0.000017216627384
3, 524,0.000014043434021
3, 525,0.000017834559912
3, 526,0.000041977295041
3, 527,0.000015838450054
3, 528,0.000018553302652
3, 529,0.000022463987989
3, 530,0.000016723834051
3, 531,0.000019631230316
3, 532,0.000020861021767
3, 533,0.000020524817955
3, 534,0.000017676533389
3, 535,0.000021180130716
3, 536,0.000013419195966
3, 537,0.000017850192307
3, 538,0.000023349875846
3, 539,0.000026423165764
3, 540,0.000019010934921
3, 541,0.000021369263777
3, 542,0.000019112811060
3, 543,0.000016615724235
3, 544,0.000022465528673
3, 545,0.000021018568077
3, 546,0.000023636028345
3, 547,0.000011632319001
3, 548,0.000020426799892
3, 549,0.000026171775971
3, 550,0.000024219745683
3, 551,0.000010581327842
3, 552,0.000016993626559
3, 553,0.000026426079785
3, 554,0.000020267983928
3, 555,0.000026920548407
3, 556,0.000022635793357
3, 557,0.000018612818167
3, 558,0.000026606654501
3, 559,0.000021642692445
3, 560,0.000019683522623
3, 561,0.000021950423616
3, 562,0.000023589904231
3, 563,0.000021980798920
3, 564,0.000016573891116
3, 565,0.000010581345123
3, 566,0.000010847537851
3, 567,0.000016712023353
3, 568,0.000016369283912
3, 569,0.000011998941773
3, 570,0.000019744409656
3, 571,0.000016023732314
3, 572,0.000016055513697
3, 573,0.000020014986148
3, 574,0.000023498301744
3, 575,0.000018126751456
3, 576,0.000029551521948
3, 577,0.000020449933800
3, 578,0.000021949936126
3, 579,0.000021198082322
3, 580,0.000026387551770
3, 581,0.000015742996766
3, 582,0.000019735585738
3, 583,0.000016171063180
3, 584,0.000021145799110
3, 585,0.000019082986910
3, 586,0.000014983425899
3, 587,0.000023924018024
3, 588,0.000015273169993
3, 589,0.000019511677237
3, 590,0.000019696650270
3, 591,0.000014539155018
3, 592,0.000017855722035
3, 593,0.000019417979274
3, 594,0.000023680782760
3, 595,0.000019756656911
3, 596,0.000019825378331
3, 597,0.000027926051189
3, 598,0.000018530856323
3, 599,0.000012802291167
3, 600,0.000019541652364
3, 601,0.000020202154701
3, 602,0.000019119106582
3, 603,0.000018252150767
3, 604,0.000020028415747
3, 605,0.000014295987967
3, 606,0.000019434524802
3, 607,0.000025567316698
3, 608,0.000020075245629
3, 609,0.000088208471425
3, 610,0.000016566507838
3, 611,0.000033015203371
3, 612,0.000017146770915
3, 613,0.000019200564566
3, 614,0.000022486759917
3, 615,0.000022597119823
3, 616,0.000020055540517
3, 617,0.000020879515432
3, 618,0.000019764001991
3, 619,0.000021196379748
3, 620,0.000029257100323
3, 621,0.000029802122299
3, 622,0.000019179438823
3, 623,0.000022375412300
3, 624,0.000027348336516
3, 625,0.000018362539777
3, 626,0.000010663625289
3, 627,0.000020662680981
3, 628,0.000014970603843
3, 629,0.000026264608096
3, 630,0.000015127689949
3, 631,0.000013800176021
3, 632,0.000017602722437
3, 633,0.000024551985916
3, 634,0.000128495565150
3, 635,0.000020220348233
3, 636,0.000011661719327
3, 637,0.000014496251424
3, 638,0.000013329821741
3, 639,0.000015039801838
3, 640,0.000015962659745
3, 641,0.000016724801753
3, 642,0.000018591594198
3, 643,0.000012944109585
3, 644,0.000027626285373
3, 645,0.000016753019736
3, 646,0.000023852990125
3, 647,0.000019381022867
3, 648,0.000014860861484
3, 649,0.000024059350835
3, 650,0.000014954849576
3, 651,0.000012209470697
3, 652,0.000013193751329
3, 653,0.000024928907806
3, 654,0.000017070793547
3, 655,0.000015685169274
3, 656,0.000011899080164
3, 657,0.000020839430363
3, 658,0.000018845561499
3, 659,0.000018618831746
3, 660,0.000021952637326
3, 661,0.000020580049750
3, 662,0.000017617547201
3, 663,0.000018081247617
3, 664,0.000024524653782
3, 665,0.000018890727006
3, 666,0.000014974566511
3, 667,0.000017179505448
3, 668,0.000021483492674
3, 669,0.000015527704818
3, 670,0.000021778698283
3, 671,0.000019516350221
3, 672,0.000028819176805
3, 673,0.000014447553440
3, 674,0.000018597495000
3, 675,0.000017024243789
3, 676,0.000021607174858
3, 677,0.000012875551874
3, 678,0.000015758010704
3, 679,0.000025040711989
3, 680,0.000016842361219
3, 681,0.000021246249162
3, 682,0.000024152848709
3, 683,0.000016418371160
3, 684,0.000018884778910
3, 685,0.000019230721591
3, 686,0.000012451680050
3, 687,0.000025690467737
3, 688,0.000017974582079
3, 689,0.000014671064491
3, 690,0.000019776083718
3, 691,0.000013590698472
3, 692,0.000019341718144
3, 693,0.000026064661142
3, 694,0.000013365171981
3, 695,0.000021049285351
3, 696,0.000014882085452
3, 697,0.000020400553694
3, 698,0.000016905329176
3, 699,0.000020739591491
3, 700,0.000014656269741
3, 701,0.000014568779989
3, 702,0.000065148517024
3, 703,0.000015887708287
3, 704,0.000018146851289
3, 705,0.000019638717276
3, 706,0.000022344776880
3, 707,0.000020255569325
3, 708,0.000022894304493
3, 709,0.000027563173717
3, 710,0.000027524200050
3, 711,0.000020584891899
3, 712,0.000019527687982
3, 713,0.000016190739188
3, 714,0.000019779738068
3, 715,0.000028398148061
3, 716,0.000014868734979
3, 717,0.000014304729120
3, 718,0.000101569617982
3, 719,0.000020535188014
3, 720,0.000014953006939
3, 721,0.000017222821043
3, 722,0.000016282219804
3, 723,0.000017847687559
3, 724,0.000018561409888
3, 725,0.000021489919163
3, 726,0.000023185450118
3, 727,0.000023412438168
3, 728,0.000021004556402
3, 729,0.000015601566702
3, 730,0.000011038805496
3, 731,0.000021190788175
3, 732,0.000023107564630
3, 733,0.000020383255105
3, 734,0.000020505238354
3, 735,0.000018930581064
3, 736,0.000020850853616
3, 737,0.000022924274163
3, 738,0.000013210796169
3, 739,0.000014218691831
3, 740,0.000015969073502
3, 741,0.000015695977709
3, 742,0.000015753785192
3, 743,0.000011749666555
4, 0,0.000022706351956
4, 1,0.000014778607692
4, 2,0.000017489948732
4, 3,0.000028001135433
4, 4,0.000013118018614
4, 5,0.000017904347260
4, 6,0.000013898425095
4, 7,0.000026034342227
4, 8,0.000020783014406
4, 9,0.000012438175872
4, 10,0.000019552653612
4, 11,0.000015612535208
4, 12,0.000016251116904
4, 13,0.000024073264285
4, 14,0.000016568203137
4, 15,0.000015941879610
4, 16,0.000018583639758
4, 17,0.000019641418476
4, 18,0.000107468447823
4, 19,0.000022515265300
4, 20,0.000020550109184
4, 21,0.000028102804208
4, 22,0.000020565499653
4, 23,0.000014521260709
4, 24,0.000026535615689
4, 25,0.000028494012440
4, 26,0.000023472237444
4, 27,0.000022697424356
4, 28,0.000017589740310
4, 29,0.000025057821404
4, 30,0.000015623907530
4, 31,0.000018876571630
4, 32,0.000017331036361
4, 33,0.000016110319848
4, 34,0.000014424214896
4, 35,0.000020926239813
4, 36,0.000021303614631
4, 37,0.000028693657441
4, 38,0.000021792531697
4, 39,0.000017398922864
4, 40,0.000014003892829
4, 41,0.000019691578927
4, 42,0.000023951408366
4, 43,0.000009188594049
4, 44,0.000019679184334
4, 45,0.000015220099158
4, 46,0.000022573254682
4, 47,0.000022162006644
4, 48,0.000027932112062
4, 49,0.000019130155124
4, 50,0.000019878012608
4, 51,0.000014913763152
4, 52,0.000027356983992
4, 53,0.000020783958462
4, 54,0.000021647088943
4, 55,0.000012961009816
4, 56,0.000015557987354
4, 57,0.000020247958673
4, 58,0.000026265748602
4, 59,0.000033157622966
4, 60,0.000040603721573
4, 61,0.000036823061237
4, 62,0.000028819375075
4, 63,0.000022105596145
4, 64,0.000041819854232
4, 65,0.000032919811929
4, 66,0.000037929319660
4, 67,0.000030330091249
4, 68,0.000022993584935
4, 69,0.000013342973034
4, 70,0.000021454361558
4, 71,0.000028338408811
4, 72,0.000019386841814
4, 73,0.000024800841857
4, 74,0.000025982712032
4, 75,0.000018340710085
4, 76,0.000021841871785
4, 77,0.000021748532163
4, 78,0.000035810720874
4, 79,0.000020218982172
4, 80,0.000024171236873
4, 81,0.000023933014745
4, 82,0.000020804311134
4, 83,0.000022476597223
4, 84,0.000021979583835
4, 85,0.000018563014237
4, 86,0.000016490657799
4, 87,0.000020144867449
4, 88,0.000016447042071
4, 89,0.000023187905754
4, 90,0.000019109977075
4, 91,0.000010509582353
4, 92,0.000027504238460
4, 93,0.000020661515009
4, 94,0.000023990633053
4, 95,0.000024817891244
4, 96,0.000010750559341
4, 97,0.000020308025341
4, 98,0.000016503599909
4, 99,0.000021660107450
4, 100,0.000019760916985
4, 101,0.000008439833437
4, 102,0.000020809273337
4, 103,0.000016751680960
4, 104,0.000020142550056
4, 105,0.000020767862225
4, 106,0.000019782157324
4, 107,0.000020468693037
4, 108,0.000027753090762
4, 109,0.000016767606212
4, 110,0.000015000691747
4, 111,0.000029618810004
4, 112,0.000010882610695
4, 113,0.000018057753550
4, 114,0.000022709857149
4, 115,0.000023604739908
4, 116,0.000023544958822
4, 117,0.000014254766938
4, 118,0.000024824857974
4, 119,0.000023796099413
4, 120,0.000027001457056
4, 121,0.000020201649022
4, 122,0.000018185359295
4, 123,0.000021564739654
4, 124,0.000015661642465
4, 125,0.000009328616215
4, 126,0.000020392366423
4, 127,0.000027767131542
4, 128,0.000010177517652
4, 129,0.000015917017663
4, 130,0.000021353209377
4, 131,0.000025426083084
4, 132,0.000021433235815
4, 133,0.000021332043616
4, 134,0.000018565149730
4, 135,0.000018213704607
4, 136,0.000013973031855
4, 137,0.000023737478841
4, 138,0.000021463471057
4, 139,0.000018138698579
4, 140,0.000018265305698
4, 141,0.000020193278033
4, 142,0.000021738263968
4, 143,0.000015691122826
4, 144,0.000016837413568
4, 145,0.000024883845981
4, 146,0.000012568754755
4, 147,0.000014250936147
4, 148,0.000017217053028
4, 149,0.000011876230928
4, 150,0.000014808057131
4, 151,0.000017152253349
4, 152,0.000011900729078
4, 153,0.000016796391719
4, 154,0.000013897575627
4, 155,0.000074826959462
4, 156,0.000027384316127
4, 157,0.000019388615328
4, 158,0.000019744989913
4, 159,0.000021496356567
4, 160,0.000019406523279
4, 161,0.000014532897694
4, 162,0.000024174349164
4, 163,0.000018121192625
4, 164,0.000024767954528
4, 165,0.000019381574020
4, 166,0.000010421444131
4, 167,0.000020170757125
4, 168,0.000018326099962
4, 169,0.000022092850486
4, 170,0.000019337556296
4, 171,0.000021960757294
4, 172,0.000017119220502
4, 173,0.000013074769413
4, 174,0.000025468834792
4, 175,0.000017458160073
4, 176,0.000024422450224
4, 177,0.000011869629816
4, 178,0.000022185999114
4, 179,0.000013359757759
4, 180,0.000019739254640
4, 181,0.000018619373805
4, 182,0.000019625518689
4, 183,0.000018672415536
4, 184,0.000027388839953
4, 185,0.000016034511646
4, 186,0.000020536013835
4, 187,0.000020961280825
4, 188,0.000018400400222
4, 189,0.000013152238353
4, 190,0.000019694403818
4, 191,0.000023524837161
4, 192,0.000015095622075
4, 193,0.000018149799871
4, 194,0.000015986066501
4, 195,0.000021191803171
4, 196,0.000018423692381
4, 197,0.000015627721950
4, 198,0.000016738304112
4, 199,0.000017274463971
4, 200,0.000025786139304
4, 201,0.000021674833988
4, 202,0.000015765848730
4, 203,0.000018944079784
4, 204,0.000015927575078
4, 205,0.000018553484551
4, 206,0.000020821527869
4, 207,0.000019581395463
4, 208,0.000015370647816
4, 209,0.000022875823561
4, 210,0.000019275121304
4, 211,0.000019754577806
4, 212,0.000015711604647
4, 213,0.000019384404368
4, 214,0.000024791681426
4, 215,0.000016135420083
4, 216,0.000019795728804
4, 217,0.000018148464733
4, 218,0.000018036875190
4, 219,0.000022015041395
4, 220,0.000022396721761
4, 221,0.000024355071218
4, 222,0.000019444178179
4, 223,0.000015747436919
4, 224,0.000018534232368
4, 225,0.000017817161279
4, 226,0.000020138610125
4, 227,0.000018515987904
4, 228,0.000024214839868
4, 229,0.000026439620342
4, 230,0.000026632123991
4, 231,0.000022393804102
4, 232,0.000025412788091
4, 233,0.000015933936083
4, 234,0.000017574519006
4, 235,0.000019418161173
4, 236,0.000023751341359
4, 237,0.000021661622668
4, 238,0.000023930120733
4, 239,0.000017665319319
4, 240,0.000020965733711
4, 241,0.000022592172172
4, 242,0.000015784096831
4, 243,0.000018457554688
4, 244,0.000027192250855
4, 245,0.000018309578081
4, 246,0.000022480495318
4, 247,0.000009499914995
4, 248,0.000019505985620
4, 249,0.000022443544367
4, 250,0.000015565170543
4, 251,0.000027921361834
4, 252,0.000021035686586
4, 253,0.000011890999303
4, 254,0.000025923598514
4, 255,0.000016127029085
4, 256,0.000022144247851
4, 257,0.000015827246898
4, 258,0.000013140716874
4, 259,0.000017852613382
4, 260,0.000027708101697
4, 261,0.000021118450604
4, 262,0.000027012058126
4, 263,0.000017416165065
4, 264,0.000019602077373
4, 265,0.000023582641006
4, 266,0.000022677113520
4, 267,0.000015741996322
4, 268,0.000018333186745
4, 269,0.000016037567548
4, 270,0.000024574308554
4, 271,0.000017532180209
4, 272,0.000018939950678
4, 273,0.000019886343580
4, 274,0.000019114102543
4, 275,0.000016898437025
4, 276,0.000019321854779
4, 277,0.000019998857169
4, 278,0.000018339213057
4, 279,0.000022296608222
4, 280,0.000017837410269
4, 281,0.000160895768204
4, 282,0.000021230134735
4, 283,0.000027271427825
4, 284,0.000024137669243
4, 285,0.000020958450477
4, 286,0.000019929213522
4, 287,0.000021065017791
4, 288,0.000016200308892
4, 289,0.000012254049579
4, 290,0.000013265972484
4, 291,0.000015914947653
4, 292,0.000020734099962
4, 293,0.000019520184651
4, 294,0.000030488232369
4, 295,0.000017009833755
4, 296,0.000014435282537
4, 297,0.000026835605240
4, 298,0.000019212946427
4, 299,0.000020661633243
4, 300,0.000018977776563
4, 301,0.000013005903384
4, 302,0.000006608492185
4, 303,0.000021427933461
4, 304,0.000019374527255
4, 305,0.000203947391128
4, 306,0.000013225321709
4, 307,0.000020948345991
4, 308,0.000017781292627
4, 309,0.000016322348529
4, 310,0.000017130088963
4, 311,0.000015520558009
4, 312,0.000021292626116
4, 313,0.000012092597899
4, 314,0.000010282465155
4, 315,0.000023509919629
4, 316,0.000013770740225
4, 317,0.000016061545466
4, 318,0.000015763540432
4, 319,0.000021188719984
4, 320,0.000015764844647
4, 321,0.000014545964405
4, 322,0.000019311608412
4, 323,0.000015882185835
4, 324,0.000017705773644
4, 325,0.000015084709958
4, 326,0.000014566679056
4, 327,0.000021399730031
4, 328,0.000013269399460
4, 329,0.000015660460122
4, 330,0.000019722121579
4, 331,0.000010581022252
4, 332,0.000024130047677
4, 333,0.000017466238205
4, 334,0.000018531416572
4, 335,0.000024832457711
4, 336,0.000022239722966
4, 337,0.000010609247511
4, 338,0.000025238101443
4, 339,0.000017005406335
4, 340,0.000022073925720
4, 341,0.000022452124540
4, 342,0.000022600243028
4, 343,0.000024573282644
4, 344,0.000021628911782
4, 345,0.000013084272723
4, 346,0.000031268777093
4, 347,0.000019719942429
4, 348,0.000017778158508
4, 349,0.000023957747544
4, 350,0.000015851679564
4, 351,0.000014839376490
4, 352,0.000024552609830
4, 353,0.000020578776457
4, 354,0.000014805356841
4, 355,0.000017819333152
4, 356,0.000025598641514
4, 357,0.000025689949325
4, 358,0.000018195996745
4, 359,0.000026022320526
4, 360,0.000023731459805
4, 361,0.000020079589376
4, 362,0.000015674118913
4, 363,0.000022726630050
4, 364,0.000024044886231
4, 365,0.000028092079447
4, 366,0.000016707081159
4, 367,0.000013305467292
4, 368,0.000008170132787
4, 369,0.000015815076040
4, 370,0.000013363476683
4, 371,0.000020989842596
4, 372,0.000019805494958
4, 373,0.000017209931684
4, 374,0.000013644286810
4, 375,0.000019818304281
4, 376,0.000017724949430
4, 377,0.000023891478122
4, 378,0.000018040278519
4, 379,0.000026714293199
4, 380,0.000017283226043
4, 381,0.000017084519641
4, 382,0.000018467451810
4, 383,0.000020041539756
4, 384,0.000049573427532
4, 385,0.000018558694137
4, 386,0.000024923347155
4, 387,0.000017115264200
4, 388,0.000022560307116
4, 389,0.000013431464140
4, 390,0.000018917928173
4, 391,0.000018354034182
4, 392,0.000020955196305
4, 393,0.000022346463084
4, 394,0.000021118725272
4, 395,0.000017786640456
4, 396,0.000019935820092
4, 397,0.000022410338715
4, 398,0.000015463941963
4, 399,0.000013488523109
4, 400,0.000017415373804
4, 401,0.000018955466658
4, 402,0.000023803364456
4, 403,0.000018289614673
4, 404,0.000017838152417
4, 405,0.000018524091502
4, 406,0.000010672599274
4, 407,0.000018705395632
4, 408,0.000022457825253
4, 409,0.000024547764042
4, 410,0.000028592778108
4, 411,0.000015575482394
4, 412,0.000024994707928
4, 413,0.000011336363968
4, 414,0.000019483093638
4, 415,0.000019940140191
4, 416,0.000017397776901
4, 417,0.000019523820811
4, 418,0.000014503799321
4, 419,0.000016620528186
4, 420,0.000018647182515
4, 421,0.000020866771592
4, 422,0.000019002045519
4, 423,0.000010476494026
4, 424,0.000020704439521
4, 425,0.000118651660159
4, 426,0.000030307146517
4, 427,0.000018858865587
4, 428,0.000022492591597
4, 429,0.000011463338524
4, 430,0.000024496652259
4, 431,0.000018419632397
4, 432,0.000022287611500
4, 433,0.000022912927307
4, 434,0.000011666222235
4, 435,0.000012282640455
4, 436,0.000031555613532
4, 437,0.000019779285140
4, 438,0.000025311739591
4, 439,0.000021530049708
4, 440,0.000020518193196
4, 441,0.000018564764105
4, 442,0.000022751544748
4, 443,0.000020356983441
4, 444,0.000018009039195
4, 445,0.000026466486815
4, 446,0.000009956744179
4, 447,0.000025223873308
4, 448,0.000017324855435
4, 449,0.000022269927285
4, 450,0.000021477040718
4, 451,0.000009266414963
4, 452,0.000017382590158
4, 453,0.000026225845431
4, 454,0.000017423932150
4, 455,0.000012042649360
4, 456,0.000016217683878
4, 457,0.000019858827727
4, 458,0.000020879215299
4, 459,0.000021050753276
4, 460,0.000015993164197
4, 461,0.000017250025849
4, 462,0.000021555708372
4, 463,0.000020285255232
4, 464,0.000022300224373
4, 465,0.000020404389943
4, 466,0.000024785085770
4, 467,0.000022346957849
4, 468,0.000020064053388
4, 469,0.000009306623724
4, 470,0.000023634071113
4, 471,0.000018363716663
4, 472,0.000016985275579
4, 473,0.000020801189748
4, 474,0.000022352045562
4, 475,0.000009507198229
4, 476,0.000013606813809
4, 477,0.000026325922590
4, 478,0.000021233247026
4, 479,0.000024264572858
4, 480,0.000016317801055
4, 481,0.000024739367291
4, 482,0.000024273809686
4, 483,0.000028057404052
4, 484,0.000019459976102
4, 485,0.000017107244275
4, 486,0.000011103368706
4, 487,0.000025794641260
4, 488,0.000017299131287
4, 489,0.000016583759134
4, 490,0.000021333729819
4, 491,0.000024916234906
4, 492,0.000021303170797
4, 493,0.000023668795620
4, 494,0.000022194888516
4, 495,0.000014358745830
4, 496,0.000024150998797
4, 497,0.000023621701985
4, 498,0.000019694867660
4, 499,0.000023810665880
4, 500,0.000016082713046
4, 501,0.000023812124709
4, 502,0.000017019443476
4, 503,0.000010609830497
4, 504,0.000025074548830
4, 505,0.000022094936867
4, 506,0.000022893556888
4, 507,0.000022789377908
4, 508,0.000014527688109
4, 509,0.000022059402909
4, 510,0.000021956348064
4, 511,0.000014712824850
4, 512,0.000020748982934
4, 513,0.000018706969058
4, 514,0.000017467977159
4, 515,0.000021251975340
4, 516,0.000016856720322
4, 517,0.000014180917788
4, 518,0.000022140939109
4, 519,0.000019522662114
4, 520,0.000024692100851
4, 521,0.000017104304789
4, 522,0.000023326379960
4, 523,0.000022437705411
4, 524,0.000018762293621
4, 525,0.000014917620319
4, 526,0.000018292546883
4, 527,0.000014643634131
4, 528,0.000017709824533
4, 529,0.000029684195397
4, 530,0.000023853512175
4, 531,0.000013337024029
4, 532,0.000019691424313
4, 533,0.000018946428099
4, 534,0.000021124435079
4, 535,0.000021008425392
4, 536,0.000011262481166
4, 537,0.000014492126866
4, 538,0.000010720830687
4, 539,0.000019608722141
4, 540,0.000019577468265
4, 541,0.000013757343368
4, 542,0.000017205031327
4, 543,0.000024193097488
4, 544,0.000014275608009
4, 545,0.000021940635634
4, 546,0.000025044233553
4, 547,0.000022302936486
4, 548,0.000018398401153
4, 549,0.000020010571461
4, 550,0.000042124527681
4, 551,0.000017328482500
4, 552,0.000023065937057
4, 553,0.000017945241780
4, 554,0.000018227719920
4, 555,0.000029457271012
4, 556,0.000020783560103
4, 557,0.000017023718101
4, 558,0.000028537655453
4, 559,0.000014560985619
4, 560,0.000011965683370
4, 561,0.000023263466574
4, 562,0.000017042217223
4, 563,0.000018286660634
4, 564,0.000026506075301
4, 565,0.000013147464415
4, 566,0.000022325004466
4, 567,0.000020426787160
4, 568,0.000014782432117
4, 569,0.000020680312446
4, 570,0.000021945221306
4, 571,0.000016136837075
4, 572,0.000017207432393
4, 573,0.000014522091988
4, 574,0.000018143120542
4, 575,0.000013174688320
4, 576,0.000022600625016
4, 577,0.000014704277419
4, 578,0.000019556586267
4, 579,0.000015292091121
4, 580,0.000023018872525
4, 581,0.000017823373128
4, 582,0.000022828720830
4, 583,0.000015220114619
4, 584,0.000026731355319
4, 585,0.000025580795409
4, 586,0.000019459499526
4, 587,0.000015011122741
4, 588,0.000016466723537
4, 589,0.000017761114577
4, 590,0.000011979985175
4, 591,0.000024269596906
4, 592,0.000018827147869
4, 593,0.000020457269784
4, 594,0.000016957710613
4, 595,0.000017984442820
4, 596,0.000017956721422
4, 597,0.000014699176063
4, 598,0.000013303198102
4, 599,0.000011778102817
4, 600,0.000022251564587
4, 601,0.000020676376153
4, 602,0.000018385300791
4, 603,0.000017604323148
4, 604,0.000016790379959
4, 605,0.000022238580641
4, 606,0.000025078721592
4, 607,0.000019600616724
4, 608,0.000029338780223
4, 609,0.000014168900634
4, 610,0.000010830899555
4, 611,0.000016076799511
4, 612,0.000010237633433
4, 613,0.000019942417566
4, 614,0.000019142058591
4, 615,0.000019433657144
4, 616,0.000011836291378
4, 617,0.000022607591745
4, 618,0.000023797485483
4, 619,0.000014849065337
4, 620,0.000011797914340
4, 621,0.000019732433429
4, 622,0.000026821322535
4, 623,0.000023267824872
4, 624,0.000014522701349
4, 625,0.000011563633961
4, 626,0.000018764319975
4, 627,0.000022906069717
4, 628,0.000019825334675
4, 629,0.000013646446860
4, 630,0.000023098922611
4, 631,0.000015768880985
4, 632,0.000018079705114
4, 633,0.000019967645130
4, 634,0.000011830477888
4, 635,0.000018369924874
4, 636,0.000019714891096
4, 637,0.000023545828299
4, 638,0.000020578425392
4, 639,0.000016172460164
4, 640,0.000013490151105
4, 641,0.000019566215997
4, 642,0.000020405976102
4, 643,0.000014303422176
4, 644,0.000025929653930
4, 645,0.000028904581995
4, 646,0.000018773620468
4, 647,0.000022405865820
4, 648,0.000017664006009
4, 649,0.000014486650798
4, 650,0.000022546086257
4, 651,0.000023354488803
4, 652,0.000015239694221
4, 653,0.000023518692615
4, 654,0.000018200880731
4, 655,0.000023330932891
4, 656,0.000018606144295
4, 657,0.000023066169888
4, 658,0.000019142946257
4, 659,0.000024728937206
4, 660,0.000018293978428
4, 661,0.000018744121917
4, 662,0.000017045631466
4, 663,0.000016907621102
4, 664,0.000012962109395
4, 665,0.000020533907445
4, 666,0.000026281839382
4, 667,0.000019472634449
4, 668,0.000021174597350
4, 669,0.000024497348932
4, 670,0.000017349220798
4, 671,0.000020681676688
4, 672,0.000017320904590
4, 673,0.000026140942282
4, 674,0.000020466342903
4, 675,0.000023144815714
4, 676,0.000008364690075
4, 677,0.000014232175999
4, 678,0.000024307493732
4, 679,0.000017435873815
4, 680,0.000014088602256
4, 681,0.000024759290682
4, 682,0.000018490454750
4, 683,0.000009365284313
4, 684,0.000022259257094
4, 685,0.000013263331311
4, 686,0.000014523184291
4, 687,0.000026240237275
4, 688,0.000019532124497
4, 689,0.000018881020878
4, 690,0.000016644973584
4, 691,0.000014610422113
4, 692,0.000025290884878
4, 693,0.000022400277885
4, 694,0.000018698201529
4, 695,0.000015689854990
4, 696,0.000018255319446
4, 697,0.000022497097234
4, 698,0.000014708094568
4, 699,0.000021827170713
4, 700,0.000020982093702
4, 701,0.000009184464034
4, 702,0.000016419011445
4, 703,0.000025522618671
4, 704,0.000020998510081
4, 705,0.000019376306227
4, 706,0.000016032921849
4, 707,0.000015893172531
4, 708,0.000017447664504
4, 709,0.000016108924683
4, 710,0.000013006728295
4, 711,0.000022442760383
4, 712,0.000017357617253
4, 713,0.000021238365662
4, 714,0.000016007094018
4, 715,0.000016916956156
4, 716,0.000024837572710
4, 717,0.000027720652724
4, 718,0.000024957937057
4, 719,0.000021083282263
4, 720,0.000018702399757
4, 721,0.000024943637982
4, 722,0.000014456895769
4, 723,0.000023437596610
4, 724,0.000021710882720
4, 725,0.000011130893654
4, 726,0.000018344717319
4, 727,0.000020287478037
4, 728,0.000018545551939
4, 729,0.000020028690415
4, 730,0.000012214655726
4, 731,0.000022786314730
4, 732,0.000018411437850
4, 733,0.000019378696379
4, 734,0.000019771894586
4, 735,0.000011224561604
4, 736,0.000014629319594
4, 737,0.000018484899556
4, 738,0.000011876292774
4, 739,0.000029256205380
4, 740,0.000022643047487
4, 741,0.000017444130208
4, 742,0.000017354519514
4, 743,0.000009212531040
5, 0,0.000024789551389
5, 1,0.000017089179892
5, 2,0.000021427773390
5, 3,0.000020835132091
5, 4,0.000023473625333
5, 5,0.000027104746550
5, 6,0.000020767138267
5, 7,0.000021832645871
5, 8,0.000017019705410
5, 9,0.000014665735762
5, 10,0.000017182637748
5, 11,0.000023156771931
5, 12,0.000018384786017
5, 13,0.000025586676202
5, 14,0.000016454072465
5, 15,0.000015229376004
5, 16,0.000014890883904
5, 17,0.000023993694413
5, 18,0.000018606198864
5, 19,0.000013662099263
5, 20,0.000023856880944
5, 21,0.000015400037228
5, 22,0.000026398083719
5, 23,0.000022922738935
5, 24,0.000024255725293
5, 25,0.000006609643606
5, 26,0.000024468352422
5, 27,0.000018564171114
5, 28,0.000021646092137
5, 29,0.000025636270948
5, 30,0.000016284231606
5, 31,0.000017557304091
5, 32,0.000023731718102
5, 33,0.000012753411283
5, 34,0.000018489501599
5, 35,0.000018095524865
5, 36,0.000019791075829
5, 37,0.000019213375708
5, 38,0.000021604273570
5, 39,0.000020640571165
5, 40,0.000015144609279
5, 41,0.000013281120118
5, 42,0.000019695529772
5, 43,0.000016035601220
5, 44,0.000015601688574
5, 45,0.000018626176825
5, 46,0.000017026812202
5, 47,0.000022630694730
5, 48,0.000019060125851
5, 49,0.000011902830920
5, 50,0.000007932970220
5, 51,0.000015538422304
5, 52,0.000018781449398
5, 53,0.000016839727323
5, 54,0.000020310220862
5, 55,0.000023875574698
5, 56,0.000026616713512
5, 57,0.000028916845622
5, 58,0.000015326666471
5, 59,0.000016737214537
5, 60,0.000015745823475
5, 61,0.000024563372790
5, 62,0.000015662109945
5, 63,0.000009369168765
5, 64,0.000020096784283
5, 65,0.000020003992176
5, 66,0.000023029293516
5, 67,0.000017092703274
5, 68,0.000017421532903
5, 69,0.000020910414605
5, 70,0.000014721644220
5, 71,0.000014645657757
5, 72,0.000017617820049
5, 73,0.000020976132873
5, 74,0.000016787475033
5, 75,0.000021468966224
5, 76,0.000019883847926
5, 77,0.000016235408111
5, 78,0.000028263615604
5, 79,0.000023635384423
5, 80,0.000017031870811
5, 81,0.000017351434508
5, 82,0.000014468438167
5, 83,0.000019436354705
5, 84,0.000014267149709
5, 85,0.000013317719095
5, 86,0.000023704802516
5, 87,0.000027373715056
5, 88,0.000018136373910
5, 89,0.000027957243219
5, 90,0.000015747998987
5, 91,0.000016240375771
5, 92,0.000009970392057
5, 93,0.000026511725082
5, 94,0.000026067409635
5, 95,0.000014610697690
5, 96,0.000023204007448
5, 97,0.000022947029720
5, 98,0.000026397767215
5, 99,0.000019543207600
5, 100,0.000022826045097
5, 101,0.000024446115276
5, 102,0.000026896130294
5, 103,0.000029173130315
5, 104,0.000016963329472
5, 105,0.000021818947062
5, 106,0.000028657374060
5, 107,0.000017537702661
5, 108,0.000025466721127
5, 109,0.000019674849682
5, 110,0.000014345488125
5, 111,0.000014466845641
5, 112,0.000021694591851
5, 113,0.000019084833184
5, 114,0.000018422360881
5, 115,0.000018564544007
5, 116,0.000017221325834
5, 117,0.000012242772755
5, 118,0.000026257108402
5, 119,0.000016799231162
5, 120,0.000015592244381
5, 121,0.000018510332666
5, 122,0.000020097520974
5, 123,0.000019480443370
5, 124,0.000017460111849
5, 125,0.000021385774744
5, 126,0.000018553966584
5, 127,0.000023511511245
5, 128,0.000015274334146
5, 129,0.000017032425603
5, 130,0.000023003856768
5, 131,0.000025151828595
5, 132,0.000016828047592
5, 133,0.000012936429812
5, 134,0.000019201899704
5, 135,0.000018339904273
5, 136,0.000019929851987
5, 137,0.000027608502933
5, 138,0.000023275564672
5, 139,0.000015873407392
5, 140,0.000012003277334
5, 141,0.000016048255929
5, 142,0.000028125370591
5, 143,0.000022812553652
5, 144,0.000016228997993
5, 145,0.000135763781145
5, 146,0.000015930367226
5, 147,0.000020913721528
5, 148,0.000022061625714
5, 149,0.000020126426534
5, 150,0.000018345424905
5, 151,0.000012332471670
5, 152,0.000018939188521
5, 153,0.000017750133338
5, 154,0.000020920135285
5, 155,0.000013036106793
5, 156,0.000014782523976
5, 157,0.000024025619496
5, 158,0.000025013800041
5, 159,0.000015972507754
5, 160,0.000005211889857
5, 161,0.000022053101929
5, 162,0.000018631444618
5, 163,0.000028892634873
5, 164,0.000014937885680
5, 165,0.000025001640097
5, 166,0.000027258440241
5, 167,0.000023978303943
5, 168,0.000019363336833
5, 169,0.000020436196792
5, 170,0.000022400272428
5, 171,0.000019940200218
5, 172,0.000026769905162
5, 173,0.000018480583094
5, 174,0.000017387274056
5, 175,0.000025632241886
5, 176,0.000017130862034
5, 177,0.000019628421796
5, 178,0.000023111506380
5, 179,0.000013134676010
5, 180,0.000009062675417
5, 181,0.000015806785086
5, 182,0.000019392269678
5, 183,0.000022252987037
5, 184,0.000018349988750
5, 185,0.000030559291190
5, 186,0.000018625802113
5, 187,0.000030224009606
5, 188,0.000019957049517
5, 189,0.000014621459741
5, 190,0.000020969033358
5, 191,0.000018273394744
5, 192,0.000018584807549
5, 193,0.000018532364265
5, 194,0.000019787439669
5, 195,0.000015237281332
5, 196,0.000013978780771
5, 197,0.000013277293874
5, 198,0.000021234796804
5, 199,0.000023560041882
5, 200,0.000011789746168
5, 201,0.000026343557693
5, 202,0.000022083968361
5, 203,0.000010499028576
5, 204,0.000015262470697
5, 205,0.000019449280444
5, 206,0.000022148102289
5, 207,0.000014335581909
5, 208,0.000025260069378
5, 209,0.000017215208572
5, 210,0.000025057363018
5, 211,0.000005416396561
5, 212,0.000013607404981
5, 213,0.000024114160624
5, 214,0.000014651417587
5, 215,0.000018361954062
5, 216,0.000012946769857
5, 217,0.000026682377211
5, 218,0.000026426974728
5, 219,0.000020922037947
5, 220,0.000017739963369
5, 221,0.000019879449610
5, 222,0.000019253451683
5, 223,0.000020021148885
5, 224,0.000023979215257
5, 225,0.000016198187950
5, 226,0.000026359106414
5, 227,0.000023651517040
5, 228,0.000017583912268
5, 229,0.000023131222406
5, 230,0.000021558911612
5, 231,0.000027772421163
5, 232,0.000017233796825
5, 233,0.000016775522454
5, 234,0.000022758325940
5, 235,0.000028368292988
5, 236,0.000018224141968
5, 237,0.000016488569599
5, 238,0.000018709017240
5, 239,0.000016359812435
5, 240,0.000021222756914
5, 241,0.000014208590073
5, 242,0.000017254102204
5, 243,0.000016367568605
5, 244,0.000030481040085
5, 245,0.000010641419976
5, 246,0.000022877538868
5, 247,0.000025466655643
5, 248,0.000013544299691
5, 249,0.000020378232875
5, 250,0.000018878979972
5, 251,0.000013716980902
5, 252,0.000021903451852
5, 253,0.000018995418941
5, 254,0.000019249335310
5, 255,0.000017288757590
5, 256,0.000018003158402
5, 257,0.000021057363483
5, 258,0.000012117570805
5, 259,0.000015840247215
5, 260,0.000019572789824
5, 261,0.000013053247130
5, 262,0.000016136587874
5, 263,0.000022274303774
5, 264,0.000021256255422
5, 265,0.000021996058422
5, 266,0.000013969353859
5, 267,0.000017320599000
5, 268,0.000017098082026
5, 269,0.000028280315746
5, 270,0.000015851341232
5, 271,0.000013716601643
5, 272,0.000023969247195
5, 273,0.000015976118448
5, 274,0.000020023755496
5, 275,0.000027789237720
5, 276,0.000025941175409
5, 277,0.000021212963475
5, 278,0.000016343610696
5, 279,0.000010457719327
5, 280,0.000019534358216
5, 281,0.000007378706414
5, 282,0.000016901107301
5, 283,0.000022026466468
5, 284,0.000028795269827
5, 285,0.000022616037313
5, 286,0.000025706303859
5, 287,0.000027655114536
5, 288,0.000022410995371
5, 289,0.000017299093088
5, 290,0.000015793017155
5, 291,0.000017105308871
5, 292,0.000019131039153
5, 293,0.000019925912056
5, 294,0.000019977975171
5, 295,0.000025035549697
5, 296,0.000023948030503
5, 297,0.000018861233912
5, 298,0.000013399472664
5, 299,0.000013524809219
5, 300,0.000020035366106
5, 301,0.000026293546398
5, 302,0.000029094633646
5, 303,0.000021957610443
5, 304,0.000018442922737
5, 305,0.000019820621674
5, 306,0.000022921141863
5, 307,0.000024010587367
5, 308,0.000013524705537
5, 309,0.000021032030418
5, 310,0.000019466728190
5, 311,0.000013432982996
5, 312,0.000014505105355
5, 313,0.000016907231839
5, 314,0.000018058493879
5, 315,0.000012902297385
5, 316,0.000023116008379
5, 317,0.000015825406081
5, 318,0.000015407829778
5, 319,0.000021129431843
5, 320,0.000016400939785
5, 321,0.000016361509552
5, 322,0.000014728405404
5, 323,0.000018494789401
5, 324,0.000018477960111
5, 325,0.000020014513211
5, 326,0.000015904464817
5, 327,0.000019797706045
5, 328,0.000018865195671
5, 329,0.000017108455722
5, 330,0.000019532690203
5, 331,0.000022408512450
5, 332,0.000019114333554
5, 333,0.000020729255994
5, 334,0.000017362639483
5, 335,0.000021656336685
5, 336,0.000021939798899
5, 337,0.000016155148842
5, 338,0.000016657331798
5, 339,0.000015581868865
5, 340,0.000017093230781
5, 341,0.000030371351386
5, 342,0.000018611910491
5, 343,0.000023847693228
5, 344,0.000015821573470
5, 345,0.000014508126696
5, 346,0.000015630992493
5, 347,0.000011175608051
5, 348,0.000018146110961
5, 349,0.000018735598132
5, 350,0.000028635422495
5, 351,0.000023485492420
5, 352,0.000012366546798
5, 353,0.000018231181457
5, 354,0.000025929955882
5, 355,0.000145701662404
5, 356,0.000022199419618
5, 357,0.000023606813556
5, 358,0.000013234384824
5, 359,0.000020878020223
5, 360,0.000017693524569
5, 361,0.000020089884856
5, 362,0.000014716958503
5, 363,0.000023152908398
5, 364,0.000023908020012
5, 365,0.000018038908820
5, 366,0.000021009398552
5, 367,0.000015622092178
5, 368,0.000017014870537
5, 369,0.000025894369173
5, 370,0.000023937753213
5, 371,0.000010344451766
5, 372,0.000018764740162
5, 373,0.000020106250304
5, 374,0.000017717828086
5, 375,0.000026511346732
5, 376,0.000015673695088
5, 377,0.000019405388230
5, 378,0.000013996344023
5, 379,0.000016944803065
5, 380,0.000019985853214
5, 381,0.000017223992472
5, 382,0.000014446283785
5, 383,0.000009536412108
5, 384,0.000019351906303
5, 385,0.000013697060240
5, 386,0.000016939606212
5, 387,0.000022495272788
5, 388,0.000021146413928
5, 389,0.000021192256099
5, 390,0.000023579792469
5, 391,0.000021991470931
5, 392,0.000024690749342
5, 393,0.000022488362447
5, 394,0.000021897112674
5, 395,0.000021821204427
5, 396,0.000017920072423
5, 397,0.000011885283129
5, 398,0.000015802630514
5, 399,0.000022989395802
5, 400,0.000020051873435
5, 401,0.000014504562387
5, 402,0.000013517828847
5, 403,0.000023066242647
5, 404,0.000022696514861
5, 405,0.000015403360521
5, 406,0.000016810310626
5, 407,0.000020971288905
5, 408,0.000020034818590
5, 409,0.000020711082470
5, 410,0.000025038352760
5, 411,0.000016742233129
5, 412,0.000027270789360
5, 413,0.000014730345356
5, 414,0.000021568015654
5, 415,0.000012005930330
5, 416,0.000015530065866
5, 417,0.000017283475245
5, 418,0.000020116658561
5, 419,0.000012952044017
5, 420,0.000017202090021
5, 421,0.000022540796635
5, 422,0.000022314685339
5, 423,0.000018717510102
5, 424,0.000013658952412
5, 425,0.000026213292585
5, 426,0.000022164875190
5, 427,0.000024918990675
5, 428,0.000020958290406
5, 429,0.000016349067664
5, 430,0.000021680369173
5, 431,0.000024416849556
5, 432,0.000021074085453
5, 433,0.000017425805709
5, 434,0.000017282642148
5, 435,0.000025308358090
5, 436,0.000014120490050
5, 437,0.000021620071493
5, 438,0.000023373855583
5, 439,0.000017030059098
5, 440,0.000017086667867
5, 441,0.000015601144696
5, 442,0.000015223965420
5, 443,0.000014770838789
5, 444,0.000023299302484
5, 445,0.000021901201762
5, 446,0.000017607340851
5, 447,0.000022673410058
5, 448,0.000022572328817
5, 449,0.000017672809918
5, 450,0.000017948097593
5, 451,0.000021118317818
5, 452,0.000018496259145
5, 453,0.000022505146262
5, 454,0.000022497126338
5, 455,0.000014368481061
5, 456,0.000017853377358
5, 457,0.000016808557120
5, 458,0.000020960793336
5, 459,0.000022114209060
5, 460,0.000022200936655
5, 461,0.000014833748537
5, 462,0.000016005467842
5, 463,0.000018728826035
5, 464,0.000010290170394
5, 465,0.000018111686586
5, 466,0.000016678794054
5, 467,0.000017684165869
5, 468,0.000026760135370
5, 469,0.000016390769815
5, 470,0.000013293138181
5, 471,0.000014419279978
5, 472,0.000016209216483
5, 473,0.000023133057766
5, 474,0.000016074205632
5, 475,0.000014391412151
5, 476,0.000015991699911
5, 477,0.000007667897080
5, 478,0.000027369129384
5, 479,0.000023877162675
5, 480,0.000018093835024
5, 481,0.000021837351596
5, 482,0.000017734706489
5, 483,0.000022909018298
5, 484,0.000018472501324
5, 485,0.000017847243726
5, 486,0.000021828072931
5, 487,0.000018441569409
5, 488,0.000016723102817
5, 489,0.000021835305233
5, 490,0.000017348867914
5, 491,0.000018722850655
5, 492,0.000015624840671
5, 493,0.000021731280867
5, 494,0.000009639236850
5, 495,0.000271792552667
5, 496,0.000021220210328
5, 497,0.000020036737624
5, 498,0.000021544725314
5, 499,0.000024047370971
5, 500,0.000023190135835
5, 501,0.000017059765014
5, 502,0.000025232611733
5, 503,0.000017328056856
5, 504,0.000020342547941
5, 505,0.000015087613065
5, 506,0.000020017640054
5, 507,0.000021499992727
5, 508,0.000021972893592
5, 509,0.000031900992326
5, 510,0.000019091834474
5, 511,0.000019606233764
5, 512,0.000014141322936
5, 513,0.000018965363779
5, 514,0.000020375591703
5, 515,0.000018994613129
5, 516,0.000023126518499
5, 517,0.000011516723134
5, 518,0.000016299029085
5, 519,0.000019448341845
5, 520,0.000022253685529
5, 521,0.000020172885343
5, 522,0.000016875106667
5, 523,0.000022021235054
5, 524,0.000020584580852
5, 525,0.000020991335987
5, 526,0.000022224665372
5, 527,0.000018808465029
5, 528,0.000018143215129
5, 529,0.000021342008040
5, 530,0.000018573888156
5, 531,0.000031268362363
5, 532,0.000018414199076
5, 533,0.000014600392205
5, 534,0.000022464850190
5, 535,0.000030903829611
5, 536,0.000015368650566
5, 537,0.000014646419004
5, 538,0.000025611359888
5, 539,0.000014593874766
5, 540,0.000016639431124
5, 541,0.000019078326659
5, 542,0.000012347168195
5, 543,0.000021186482627
5, 544,0.000016454843717
5, 545,0.000017160400603
5, 546,0.000018606264348
5, 547,0.000020528948880
5, 548,0.000027204223443
5, 549,0.000016903157302
5, 550,0.000018862043362
5, 551,0.000025896873922
5, 552,0.000023770084226
5, 553,0.000017773088985
5, 554,0.000025150073270
5, 555,0.000022974654712
5, 556,0.000025252738851
5, 557,0.000023270578822
5, 558,0.000037607853301
5, 559,0.000034036318539
5, 560,0.000033147563954
5, 561,0.000017873544493
5, 562,0.000026966839869
5, 563,0.000019672734197
5, 564,0.000028492577258
5, 565,0.000022699787223
5, 566,0.000019088365661
5, 567,0.000017456088244
5, 568,0.000023671096642
5, 569,0.000025506429665
5, 570,0.000022441112378
5, 571,0.000028448055673
5, 572,0.000028057005693
5, 573,0.000027594824132
5, 574,0.000023996115488
5, 575,0.000019001214241
5, 576,0.000019809875084
5, 577,0.000015167858692
5, 578,0.000019576746126
5, 579,0.000015370431356
5, 580,0.000013374673472
5, 581,0.000016576186681
5, 582,0.000023593036531
5, 583,0.000013697225768
5, 584,0.000016091671569
5, 585,0.000025251696570
5, 586,0.000018975868443
5, 587,0.000022006834115
5, 588,0.000024371249310
5, 589,0.000018566212020
5, 590,0.000014665142771
5, 591,0.000022938767870
5, 592,0.000021187826860
5, 593,0.000017663807739
5, 594,0.000019954677555
5, 595,0.000025218741939
5, 596,0.000012197142496
5, 597,0.000021754607587
5, 598,0.000023284312192
5, 599,0.000023460717784
5, 600,0.000056669457990
5, 601,0.000015337651348
5, 602,0.000019928911570
5, 603,0.000016147578208
5, 604,0.000018328681108
5, 605,0.000027164518542
5, 606,0.000019897861421
5, 607,0.000020964700525
5, 608,0.000018734357582
5, 609,0.000015471210645
5, 610,0.000017225787815
5, 611,0.000018370643375
5, 612,0.000019039898689
5, 613,0.000015834257283
5, 614,0.000024802093321
5, 615,0.000021167130399
5, 616,0.000019153489120
5, 617,0.000019269658878
5, 618,0.000021241718059
5, 619,0.000026929013984
5, 620,0.000010335824300
5, 621,0.000020533980205
5, 622,0.000019865130525
5, 623,0.000009705628145
5, 624,0.000012348888959
5, 625,0.000018686632757
5, 626,0.000014054119674
5, 627,0.000028093818401
5, 628,0.000019755301764
5, 629,0.000024822691557
5, 630,0.000015489380530
5, 631,0.000024779910746
5, 632,0.000022591366360
5, 633,0.000013974297872
5, 634,0.000022457597879
5, 635,0.000016413683625
5, 636,0.000024838611353
5, 637,0.000014484189705
5, 638,0.000068901412305
5, 639,0.000023152786525
5, 640,0.000017452595785
5, 641,0.000011811293916
5, 642,0.000011870666640
5, 643,0.000014512377675
5, 644,0.000026437928682
5, 645,0.000022143927708
5, 646,0.000022968339181
5, 647,0.000018776898287
5, 648,0.000019825216441
5, 649,0.000015364797946
5, 650,0.000022379830625
5, 651,0.000020748700990
5, 652,0.000015035363504
5, 653,0.000013016685443
5, 654,0.000020977300665
5, 655,0.000024943899916
5, 656,0.000017997737814
5, 657,0.000014752419702
5, 658,0.000016993517420
5, 659,0.000026613119189
5, 660,0.000023576416424
5, 661,0.000016077070541
5, 662,0.000018395872758
5, 663,0.000021740674129
5, 664,0.000014143330191
5, 665,0.000013294164091
5, 666,0.000027404163120
5, 667,0.000017004444089
5, 668,0.000026506202630
5, 669,0.000024406943339
5, 670,0.000022421907488
5, 671,0.000019984419851
5, 672,0.000021055177058
5, 673,0.000025119943530
5, 674,0.000023510436222
5, 675,0.000009176955245
5, 676,0.000021377636585
5, 677,0.000018594131689
5, 678,0.000025016131985
5, 679,0.000020596757167
5, 680,0.000022146472475
5, 681,0.000023994714866
5, 682,0.000019520246497
5, 683,0.000028156997359
5, 684,0.000020590769054
5, 685,0.000019775521650
5, 686,0.000020983727154
5, 687,0.000016156631318
5, 688,0.000018289269065
5, 689,0.000012623688235
5, 690,0.000011814741811
5, 691,0.000027056103136
5, 692,0.000015243494090
5, 693,0.000016768983187
5, 694,0.000025590919904
5, 695,0.000015929528672
5, 696,0.000015516521671
5, 697,0.000021400992409
5, 698,0.000023043678084
5, 699,0.000018182377971
5, 700,0.000020250819944
5, 701,0.000013320895960
5, 702,0.000070829126344
5, 703,0.000015932011593
5, 704,0.000014403287423
5, 705,0.000024435446903
5, 706,0.000024947230486
5, 707,0.000018317230570
5, 708,0.000017258469597
5, 709,0.000015758532754
5, 710,0.000014656894564
5, 711,0.000019496206733
5, 712,0.000023512266125
5, 713,0.000018010128770
5, 714,0.000019694060029
5, 715,0.000022435964638
5, 716,0.000018482580344
5, 717,0.000015437324691
5, 718,0.000024939872674
5, 719,0.000013461491108
5, 720,0.000013246242816
5, 721,0.000022590549634
5, 722,0.000021261563234
5, 723,0.000014702992303
5, 724,0.000020035973648
5, 725,0.000020934854547
5, 726,0.000018854183509
5, 727,0.000028053647839
5, 728,0.000019799910660
5, 729,0.000017627611669
5, 730,0.000020758927349
5, 731,0.000021956011551
5, 732,0.000012419573977
5, 733,0.000024377330192
5, 734,0.000017002968889
5, 735,0.000020184153982
5, 736,0.000014233824004
5, 737,0.000015879893908
5, 738,0.000022816178898
5, 739,0.000013130037587
5, 740,0.000024761693567
5, 741,0.000026168301702
5, 742,0.000011823091882
5, 743,0.000021049469069
6, 0,0.000021202535208
6, 1,0.000027036725442
6, 2,0.000011355409697
6, 3,0.000022078651455
6, 4,0.000015067048480
6, 5,0.000022713775252
6, 6,0.000022583642931
6, 7,0.000018809600078
6, 8,0.000016229952962
6, 9,0.000012462819541
6, 10,0.000023558266548
6, 11,0.000017171976651
6, 12,0.000021956233468
6, 13,0.000021112757167
6, 14,0.000026180565328
6, 15,0.000026120598704
6, 16,0.000014618848581
6, 17,0.000016931404389
6, 18,0.000008866484677
6, 19,0.000019808032448
6, 20,0.000020518900783
6, 21,0.000017731415937
6, 22,0.000022661026378
6, 23,0.000022269470719
6, 24,0.000015745163182
6, 25,0.000019982491722
6, 26,0.000015581470507
6, 27,0.000019832941689
6, 28,0.000019789156795
6, 29,0.000041691004299
6, 30,0.000018792188712
6, 31,0.000019672508643
6, 32,0.000017251111785
6, 33,0.000027738302379
6, 34,0.000011934437680
6, 35,0.000025447820008
6, 36,0.000022647651349
6, 37,0.000015788416931
6, 38,0.000017008700524
6, 39,0.000017775035303
6, 40,0.000025252365958
6, 41,0.000013391723769
6, 42,0.000011934857866
6, 43,0.000025847053621
6, 44,0.000018639691916
6, 45,0.000017219736037
6, 46,0.000022878619347
6, 47,0.000016579790099
6, 48,0.000013357691387
6, 49,0.000017794556697
6, 50,0.000022620672098
6, 51,0.000014247121726
6, 52,0.000020423489332
6, 53,0.000017503965864
6, 54,0.000018250550056
6, 55,0.000025871659091
6, 56,0.000021965826818
6, 57,0.000021622216082
6, 58,0.000051673690905
6, 59,0.000020467603463
6, 60,0.000021968799047
6, 61,0.000023110447728
6, 62,0.000018528389774
6, 63,0.000012169799447
6, 64,0.000019819837689
6, 65,0.000017660886442
6, 66,0.000021754309273
6, 67,0.000019555898689
6, 68,0.000018310689484
6, 69,0.000020940673494
6, 70,0.000021347348593
6, 71,0.000023671944291
6, 72,0.000012884212083
6, 73,0.000026236433769
6, 74,0.000020013223548
6, 75,0.000014237846699
6, 76,0.000016743728338
6, 77,0.000022651702238
6, 78,0.000018324975827
6, 79,0.000021880718123
6, 80,0.000016020663679
6, 81,0.000015660600184
6, 82,0.000022831982278
6, 83,0.000021256988475
6, 84,0.000020973162464
6, 85,0.000024061870135
6, 86,0.000021166677470
6, 87,0.000012947057257
6, 88,0.000018606422600
6, 89,0.000020637011403
6, 90,0.000014986893802
6, 91,0.000018663526134
6, 92,0.000013459890397
6, 93,0.000014602976989
6, 94,0.000020171399228
6, 95,0.000023205220714
6, 96,0.000018318203729
6, 97,0.000020765623049
6, 98,0.000018132583136
6, 99,0.000012745461390
6, 100,0.000020334973669
6, 101,0.000020675990527
6, 102,0.000018695725885
6, 103,0.000022919561161
6, 104,0.000016317928385
6, 105,0.000016478401449
6, 106,0.000021374071366
6, 107,0.000016167428839
6, 108,0.000015529421944
6, 109,0.000016518803022
6, 110,0.000072268783697
6, 111,0.000024612001653
6, 112,0.000018688377168
6, 113,0.000023582464564
6, 114,0.000018077560526
6, 115,0.000024379198294
6, 116,0.000022061240088
6, 117,0.000015703091776
6, 118,0.000022890708351
6, 119,0.000019344259272
6, 120,0.000020933186534
6, 121,0.000018588103558
6, 122,0.000020220018996
6, 123,0.000020859955839
6, 124,0.000014426356756
6, 125,0.000017381895304
6, 126,0.000010854717402
6, 127,0.000014914568965
6, 128,0.000020074799977
6, 129,0.000015587638700
6, 130,0.000028202570320
6, 131,0.000027342342946
6, 132,0.000018090426238
6, 133,0.000012443269952
6, 134,0.000014511269001
6, 135,0.000021432602807
6, 136,0.000014245825696
6, 137,0.000012819472431
6, 138,0.000025253797503
6, 139,0.000024907376428
6, 140,0.000019100198188
6, 141,0.000025235609428
6, 142,0.000015806877855
6, 143,0.000019017767045
6, 144,0.000023334911020
6, 145,0.000023090613468
6, 146,0.000022907324819
6, 147,0.000015433597582
6, 148,0.000020909010345
6, 149,0.000011483844901
6, 150,0.000014529421605
6, 151,0.000021843014110
6, 152,0.000016223419152
6, 153,0.000012502049685
6, 154,0.000014722811102
6, 155,0.000023490825697
6, 156,0.000019831348254
6, 157,0.000016121677618
6, 158,0.000022994212486
6, 159,0.000016650452380
6, 160,0.000020393208615
6, 161,0.000023451957532
6, 162,0.000017143491277
6, 163,0.000031308769394
6, 164,0.000016078010958
6, 165,0.000029299724702
6, 166,0.000018973232727
6, 167,0.000011632059795
6, 168,0.000024121805836
6, 169,0.000021049294446
6, 170,0.000020969100660
6, 171,0.000018312799511
6, 172,0.000019998817152
6, 173,0.000018432381694
6, 174,0.000020169441996
6, 175,0.000026108480597
6, 176,0.000020050876628
6, 177,0.000024176961233
6, 178,0.000017056099750
6, 179,0.000026251491363
6, 180,0.000017903075786
6, 181,0.000021131239919
6, 182,0.000019833636543
6, 183,0.000018232660295
6, 184,0.000029990893381
6, 185,0.000021245054086
6, 186,0.000017651802409
6, 187,0.000015636060198
6, 188,0.000022817954232
6, 189,0.000020272396796
6, 190,0.000010754729374
6, 191,0.000017136364477
6, 192,0.000013138980648
6, 193,0.000017407475752
6, 194,0.000023615430109
6, 195,0.000025788984203
6, 196,0.000017672244212
6, 197,0.000015832561985
6, 198,0.000019901070118
6, 199,0.000018163658751
6, 200,0.000030836370570
6, 201,0.000023491726097
6, 202,0.000024859506084
6, 203,0.000012818701180
6, 204,0.000022212125259
6, 205,0.000017021877284
6, 206,0.000012561392396
6, 207,0.000018694176106
6, 208,0.000011982409887
6, 209,0.000014184095562
6, 210,0.000017530748664
6, 211,0.000062096056354
6, 212,0.000018654900487
6, 213,0.000020332523491
6, 214,0.000013205360119
6, 215,0.000028389633371
6, 216,0.000023031165256
6, 217,0.000014284223653
6, 218,0.000022612541215
6, 219,0.000021386533263
6, 220,0.000017140151613
6, 221,0.000014399542124
6, 222,0.000018278482457
6, 223,0.000013489708181
6, 224,0.000018993263438
6, 225,0.000015780895410
6, 226,0.000018557218937
6, 227,0.000018437622202
6, 228,0.000017266018403
6, 229,0.000011705278666
6, 230,0.000015422363504
6, 231,0.000021347093934
6, 232,0.000020019700969
6, 233,0.000022679734684
6, 234,0.000022866101062
6, 235,0.000014478569938
6, 236,0.000025060408007
6, 237,0.000016847230654
6, 238,0.000025051291232
6, 239,0.000014604514945
6, 240,0.000019174174668
6, 241,0.000010459757505
6, 242,0.000015823938156
6, 243,0.000022503052605
6, 244,0.000018686127078
6, 245,0.000024779561500
6, 246,0.000022361367883
6, 247,0.000022360738512
6, 248,0.000016122710804
6, 249,0.000020493907869
6, 250,0.000013713801309
6, 251,0.000024380400646
6, 252,0.000014209072106
6, 253,0.000016372530808
6, 254,0.000029068682124
6, 255,0.000022331299988
6, 256,0.000016539697754
6, 257,0.000025837240173
6, 258,0.000020070090613
6, 259,0.000017325886802
6, 260,0.000022130538127
6, 261,0.000012661920664
6, 262,0.000018532706235
6, 263,0.000024541552193
6, 264,0.000009399307601
6, 265,0.000019952973162
6, 266,0.000018238048142
6, 267,0.000020484785637
6, 268,0.000014333486433
6, 269,0.000018455579266
6, 270,0.000018169850591
6, 271,0.000017398297132
6, 272,0.000025091945645
6, 273,0.000043903481128
6, 274,0.000025109164199
6, 275,0.000027655885788
6, 276,0.000016233714632
6, 277,0.000019872579287
6, 278,0.000011591899238
6, 279,0.000023970551410
6, 280,0.000014492504306
6, 281,0.000014222962818
6, 282,0.000021959951482
6, 283,0.000017309743271
6, 284,0.000015311221432
6, 285,0.000026345831429
6, 286,0.000024456749088
6, 287,0.000020669858714
6, 288,0.000017101563571
6, 289,0.000026208463169
6, 290,0.000019418403099
6, 291,0.000016741421859
6, 292,0.000018081775124
6, 293,0.000020021190721
6, 294,0.000025121104045
6, 295,0.000018306642232
6, 296,0.000023205851903
6, 297,0.000016618372683
6, 298,0.000010098049643
6, 299,0.000018167387680
6, 300,0.000019316197722
6, 301,0.000017640761143
6, 302,0.000019843420887
6, 303,0.000018669412384
6, 304,0.000026953664928
6, 305,0.000021003477741
6, 306,0.000021930847652
6, 307,0.000017438373106
6, 308,0.000020942874471
6, 309,0.000022467236704
6, 310,0.000025236673537
6, 311,0.000021855128580
6, 312,0.000014054120584
6, 313,0.000020070181563
6, 314,0.000020991947167
6, 315,0.000018700773580
6, 316,0.000024459503038
6, 317,0.000013521563233
6, 318,0.000023019336368
6, 319,0.000014837680283
6, 320,0.000017152682631
6, 321,0.000018423597794
6, 322,0.000013179910638
6, 323,0.000018873715817
6, 324,0.000014450748495
6, 325,0.000020139590561
6, 326,0.000020143990696
6, 327,0.000018621332856
6, 328,0.000014141694919
6, 329,0.000019652537958
6, 330,0.000023486680220
6, 331,0.000018487764464
6, 332,0.000010400292922
6, 333,0.000021254001695
6, 334,0.000015844820155
6, 335,0.000019869969037
6, 336,0.000030415209039
6, 337,0.000017395988834
6, 338,0.000015459816495
6, 339,0.000015679965145
6, 340,0.000027992762625
6, 341,0.000014312431631
6, 342,0.000018590470063
6, 343,0.000018594115318
6, 344,0.000018807912056
6, 345,0.000017048998416
6, 346,0.000019796527340
6, 347,0.000021405772713
6, 348,0.000015739393348
6, 349,0.000019243449060
6, 350,0.000018829896362
6, 351,0.000020900542950
6, 352,0.000019793822503
6, 353,0.000010414046301
6, 354,0.000029482918762
6, 355,0.000017064636268
6, 356,0.000020968736862
6, 357,0.000084774190327
6, 358,0.000016891490304
6, 359,0.000019729333872
6, 360,0.000019497616449
6, 361,0.000015677051124
6, 362,0.000023832903025
6, 363,0.000022817650461
6, 364,0.000014478247977
6, 365,0.000021032914447
6, 366,0.000022109581550
6, 367,0.000020728048185
6, 368,0.000016795840565
6, 369,0.000023667043934
6, 370,0.000013328822206
6, 371,0.000022113603336
6, 372,0.000014665916751
6, 373,0.000021191812266
6, 374,0.000024105325792
6, 375,0.000015766370780
6, 376,0.000017240401576
6, 377,0.000019504503143
6, 378,0.000009853459233
6, 379,0.000015023473679
6, 380,0.000015535979401
6, 381,0.000030512897865
6, 382,0.000017700262106
6, 383,0.000019689861801
6, 384,0.000022159707441
6, 385,0.000017299507817
6, 386,0.000018139342501
6, 387,0.000028859994927
6, 388,0.000015686704501
6, 389,0.000022952282961
6, 390,0.000021785395802
6, 391,0.000021442396246
6, 392,0.000027447304092
6, 393,0.000011729546713
6, 394,0.000014111311430
6, 395,0.000011608639397
6, 396,0.000018361793991
6, 397,0.000022978201741
6, 398,0.000022306287065
6, 399,0.000016409298041
6, 400,0.000104323153209
6, 401,0.000021157267838
6, 402,0.000015971882021
6, 403,0.000024350305466
6, 404,0.000029757353332
6, 405,0.000016934725863
6, 406,0.000019828525183
6, 407,0.000026356259696
6, 408,0.000018480968720
6, 409,0.000026435860491
6, 410,0.000017355903765
6, 411,0.000014387539522
6, 412,0.000019485994926
6, 413,0.000026897916541
6, 414,0.000103776597825
6, 415,0.000022567428459
6, 416,0.000018089573132
6, 417,0.000013411007785
6, 418,0.000019015096768
6, 419,0.000023146694730
6, 420,0.000028600730730
6, 421,0.000017905169443
6, 422,0.000014374111743
6, 423,0.000024694623789
6, 424,0.000022509351766
6, 425,0.000014443326108
6, 426,0.000015595183868
6, 427,0.000024884981030
6, 428,0.000016884281649
6, 429,0.000247356336331
6, 430,0.000025389843358
6, 431,0.000014884267330
6, 432,0.000017411095541
6, 433,0.000018750786694
6, 434,0.000020293800844
6, 435,0.000029578686735
6, 436,0.000017573782316
6, 437,0.000019476869056
6, 438,0.000016279149349
6, 439,0.000020607605620
6, 440,0.000031717892853
6, 441,0.000019740195057
6, 442,0.000020117366148
6, 443,0.000014003026081
6, 444,0.000021209749320
6, 445,0.000017219421352
6, 446,0.000021587544325
6, 447,0.000023682765459
6, 448,0.000022736045139
6, 449,0.000023737220545
6, 450,0.000069595022069
6, 451,0.000021555244530
6, 452,0.000021423991711
6, 453,0.000011524550246
6, 454,0.000018520462618
6, 455,0.000018674511011
6, 456,0.000012144824723
6, 457,0.000012730914023
6, 458,0.000017083131752
6, 459,0.000024696873879
6, 460,0.000018922462914
6, 461,0.000017377202312
6, 462,0.000019084578526
6, 463,0.000022366735720
6, 464,0.000022412204999
6, 465,0.000018500248189
6, 466,0.000015755822460
6, 467,0.000022060305128
6, 468,0.000018560016542
6, 469,0.000019835151761
6, 470,0.000021676260076
6, 471,0.000019831777536
6, 472,0.000015906880435
6, 473,0.000019921153580
6, 474,0.000009069653061
6, 475,0.000021537249268
6, 476,0.000019933026124
6, 477,0.000014872665815
6, 478,0.000026210316719
6, 479,0.000020150493583
6, 480,0.000020602648874
6, 481,0.000019571289158
6, 482,0.000021360854589
6, 483,0.000018454944438
6, 484,0.000025206898499
6, 485,0.000024668206606
6, 486,0.000019628703740
6, 487,0.000021315296181
6, 488,0.000014680886125
6, 489,0.000017019578081
6, 490,0.000021209807528
6, 491,0.000021279776774
6, 492,0.000027702399166
6, 493,0.000022100224669
6, 494,0.000017072505216
6, 495,0.000023908833100
6, 496,0.000017025771740
6, 497,0.000016483503714
6, 498,0.000020526451408
6, 499,0.000013533665879
6, 500,0.000032909283618
6, 501,0.000021095393095
6, 502,0.000015049393369
6, 503,0.000027897704058
6, 504,0.000021555806597
6, 505,0.000013379502889
6, 506,0.000018721073502
6, 507,0.000018308332074
6, 508,0.000008267946214
6, 509,0.000018370861653
6, 510,0.000024154049242
6, 511,0.000017023363398
6, 512,0.000020762796339
6, 513,0.000017929174646
6, 514,0.000014795889911
6, 515,0.000013166366443
6, 516,0.000052872986998
6, 517,0.000015711540982
6, 518,0.000012149725080
6, 519,0.000016192843759
6, 520,0.000011413701031
6, 521,0.000017940121325
6, 522,0.000020955254513
6, 523,0.000014506710613
6, 524,0.000013605665117
6, 525,0.000015435800378
6, 526,0.000019650649847
6, 527,0.000018582037228
6, 528,0.000014616483895
6, 529,0.000014461478713
6, 530,0.000012903058632
6, 531,0.000019928022084
6, 532,0.000022008256565
6, 533,0.000017108102838
6, 534,0.000017200552975
6, 535,0.000028183441827
6, 536,0.000018876367903
6, 537,0.000025022114642
6, 538,0.000016825761122
6, 539,0.000024962428142
6, 540,0.000027196905648
6, 541,0.000018033644665
6, 542,0.000018233497030
6, 543,0.000020291445253
6, 544,0.000021030902644
6, 545,0.000017035456040
6, 546,0.000024861368729
6, 547,0.000015700883523
6, 548,0.000025609315344
6, 549,0.000017720572941
6, 550,0.000022744736270
6, 551,0.000015419031115
6, 552,0.000024267237677
6, 553,0.000019104010789
6, 554,0.000021104915504
6, 555,0.000023389939088
6, 556,0.000023524062271
6, 557,0.000016898067770
6, 558,0.000019784707547
6, 559,0.000022539848942
6, 560,0.000017305108486
6, 561,0.000016126276023
6, 562,0.000016340271031
6, 563,0.000014293366803
6, 564,0.000020188081180
6, 565,0.000019932602299
6, 566,0.000012892848645
6, 567,0.000014650588128
6, 568,0.000015671250367
6, 569,0.000021011694116
6, 570,0.000016535821487
6, 571,0.000012080808119
6, 572,0.000018303962861
6, 573,0.000012983588931
6, 574,0.000019920795239
6, 575,0.000024124819902
6, 576,0.000025550401915
6, 577,0.000029402834116
6, 578,0.000014790694877
6, 579,0.000024895040042
6, 580,0.000011933769201
6, 581,0.000017792404833
6, 582,0.000021529553123
6, 583,0.000021394498617
6, 584,0.000011687994629
6, 585,0.000010487750842
6, 586,0.000021691985239
6, 587,0.000020449329895
6, 588,0.000019728426196
6, 589,0.000030297642297
6, 590,0.000012961324501
6, 591,0.000015195551896
6, 592,0.000018202870706
6, 593,0.000022817383069
6, 594,0.000019580220396
6, 595,0.000018589689716
6, 596,0.000018903339878
6, 597,0.000013028166904
6, 598,0.000024765337002
6, 599,0.000016521869838
6, 600,0.000023265944037
6, 601,0.000017563294023
6, 602,0.000033147243812
6, 603,0.000020245171982
6, 604,0.000015411898858
6, 605,0.000025613691832
6, 606,0.000016892905478
6, 607,0.000022179527150
6, 608,0.000016061130736
6, 609,0.000026216579499
6, 610,0.000018212205759
6, 611,0.000021271496735
6, 612,0.000021967640350
6, 613,0.000014729769646
6, 614,0.000019844139388
6, 615,0.000102556288766
6, 616,0.000020196348487
6, 617,0.000020982031856
6, 618,0.000017534761355
6, 619,0.000017053089323
6, 620,0.000014549015759
6, 621,0.000017128790205
6, 622,0.000018751143216
6, 623,0.000011812521734
6, 624,0.000018257331249
6, 625,0.000029035818443
6, 626,0.000014750129594
6, 627,0.000014779119738
6, 628,0.000015909241483
6, 629,0.000019537326807
6, 630,0.000016252784917
6, 631,0.000014396475308
6, 632,0.000016569743821
6, 633,0.000021285035473
6, 634,0.000026812977012
6, 635,0.000016821040845
6, 636,0.000023438456992
6, 637,0.000021253976229
6, 638,0.000017580219719
6, 639,0.000018740538508
6, 640,0.000023861095542
6, 641,0.000017299718820
6, 642,0.000019807997887
6, 643,0.000017460191884
6, 644,0.000018883156372
6, 645,0.000016293872250
6, 646,0.000018741140593
6, 647,0.000021080702936
6, 648,0.000017686223146
6, 649,0.000014433135220
6, 650,0.000014647828721
6, 651,0.000015840667402
6, 652,0.000016114443497
6, 653,0.000018814043869
6, 654,0.000014270141037
6, 655,0.000024604432838
6, 656,0.000018156380975
6, 657,0.000017352220311
6, 658,0.000026401232390
6, 659,0.000023700138627
6, 660,0.000016357429558
6, 661,0.000017077463781
6, 662,0.000014039775124
6, 663,0.000008123560292
6, 664,0.000030676634196
6, 665,0.000020186034817
6, 666,0.000021539242880
6, 667,0.000017031437892
6, 668,0.000020194145691
6, 669,0.000029283026379
6, 670,0.000019843986593
6, 671,0.000022607871870
6, 672,0.000020920726456
6, 673,0.000024041572033
6, 674,0.000019799505026
6, 675,0.000015824503862
6, 676,0.000019217026420
6, 677,0.000017107640815
6, 678,0.000014026792996
6, 679,0.000016945610696
6, 680,0.000019707546016
6, 681,0.000019858904125
6, 682,0.000019472816348
6, 683,0.000025059434847
6, 684,0.000017286130969
6, 685,0.000013484264855
6, 686,0.000022819027436
6, 687,0.000015239236745
6, 688,0.000017025435227
6, 689,0.000021373725758
6, 690,0.000021766063583
6, 691,0.000016839559976
6, 692,0.000023636128390
6, 693,0.000017095842850
6, 694,0.000022976160835
6, 695,0.000018214710508
6, 696,0.000019538556444
6, 697,0.000016941767171
6, 698,0.000016977919586
6, 699,0.000014614281099
6, 700,0.000008086480193
6, 701,0.000017071166440
6, 702,0.000021240157366
6, 703,0.000019700255507
6, 704,0.000021174741050
6, 705,0.000019459550458
6, 706,0.000008803182936
6, 707,0.000016920879716
6, 708,0.000015879695638
6, 709,0.000022719015760
6, 710,0.000022464715585
6, 711,0.000020846993721
6, 712,0.000015606592569
6, 713,0.000024633061912
6, 714,0.000019354740289
6, 715,0.000010927918993
6, 716,0.000020962603230
6, 717,0.000020705392672
6, 718,0.000016035901353
6, 719,0.000023992302886
6, 720,0.000020909868908
6, 721,0.000027484742532
6, 722,0.000018980992536
6, 723,0.000021164962163
6, 724,0.000018906175683
6, 725,0.000015852081560
6, 726,0.000020979223336
6, 727,0.000019614306439
6, 728,0.000024909657441
6, 729,0.000018827346139
6, 730,0.000026119600079
6, 731,0.000019984170649
6, 732,0.000015081800484
6, 733,0.000018568798623
6, 734,0.000019734323359
6, 735,0.000022143129172
6, 736,0.000012293451618
6, 737,0.000008732691640
6, 738,0.000019678582248
6, 739,0.000014214065231
6, 740,0.000011843088032
6, 741,0.000019574643375
6, 742,0.000023719281671
6, 743,0.000018864402591
7, 0,0.000020165929527
7, 1,0.000023534164939
7, 2,0.000019109691493
7, 3,0.000018550745153
7, 4,0.000028057642339
7, 5,0.000015399513359
7, 6,0.000024597500669
7, 7,0.000020654060791
7, 8,0.000026695401175
7, 9,0.000014538823052
7, 10,0.000010868297068
7, 11,0.000017012345779
7, 12,0.000012148652786
7, 13,0.000019729799533
7, 14,0.000016002915800
7, 15,0.000019784676624
7, 16,0.000021454625312
7, 17,0.000019774555767
7, 18,0.000022210340830
7, 19,0.000017331027266
7, 20,0.000018923929019
7, 21,0.000022304056984
7, 22,0.000019288603653
7, 23,0.000018684542738
7, 24,0.000014524995095
7, 25,0.000016850231987
7, 26,0.000015321347746
7, 27,0.000017974598450
7, 28,0.000016968127966
7, 29,0.000017819915229
7, 30,0.000022179263397
7, 31,0.000021295056285
7, 32,0.000019544711904
7, 33,0.000029617118344
7, 34,0.000025742576327
7, 35,0.000018460395950
7, 36,0.000021264209863
7, 37,0.000024274764655
7, 38,0.000012908692042
7, 39,0.000023003865863
7, 40,0.000013096906514
7, 41,0.000021350400857
7, 42,0.000019459632313
7, 43,0.000022906686354
7, 44,0.000005687843441
7, 45,0.000017205948097
7, 46,0.000025309813282
7, 47,0.000021108722649
7, 48,0.000017367208784
7, 49,0.000018924496544
7, 50,0.000013350637346
7, 51,0.000024044660677
7, 52,0.000017647325876
7, 53,0.000023496882932
7, 54,0.000024245488021
7, 55,0.000013185858734
7, 56,0.000017886844944
7, 57,0.000024041582947
7, 58,0.000023674972908
7, 59,0.000012165858607
7, 60,0.000021330717573
7, 61,0.000016454201614
7, 62,0.000017358808691
7, 63,0.000022363154130
7, 64,0.000018920958610
7, 65,0.000022657357476
7, 66,0.000017420006770
7, 67,0.000019152614186
7, 68,0.000024711252991
7, 69,0.000025028120945
7, 70,0.000018714144971
7, 71,0.000026083942430
7, 72,0.000017461072275
7, 73,0.000022985665055
7, 74,0.000014419870240
7, 75,0.000027794651032
7, 76,0.000017409169232
7, 77,0.000022314712623
7, 78,0.000015853345758
7, 79,0.000020345420126
7, 80,0.000020259562007
7, 81,0.000200401569600
7, 82,0.000012111149772
7, 83,0.000017655489501
7, 84,0.000021621959604
7, 85,0.000019685201551
7, 86,0.000009035969924
7, 87,0.000017226522687
7, 88,0.000016074840460
7, 89,0.000014366882169
7, 90,0.000017128286345
7, 91,0.000011943206118
7, 92,0.000020697230866
7, 93,0.000016976502593
7, 94,0.000013567213500
7, 95,0.000019025352231
7, 96,0.000012194680494
7, 97,0.000023919947125
7, 98,0.000015525030904
7, 99,0.000017788344849
7, 100,0.000018866132450
7, 101,0.000021059840947
7, 102,0.000021119602025
7, 103,0.000011052151422
7, 104,0.000024675937311
7, 105,0.000016165793568
7, 106,0.000025964724045
7, 107,0.000014755957636
7, 108,0.000031941468478
7, 109,0.000025479763281
7, 110,0.000018924336473
7, 111,0.000020674226107
7, 112,0.000021319059670
7, 113,0.000015991658074
7, 114,0.000022456151783
7, 115,0.000026214458558
7, 116,0.000017206873963
7, 117,0.000022413096303
7, 118,0.000021244057280
7, 119,0.000012210408386
7, 120,0.000017180136638
7, 121,0.000017196414774
7, 122,0.000019601882741
7, 123,0.000019368970243
7, 124,0.000021001425921
7, 125,0.000022190435629
7, 126,0.000021313484467
7, 127,0.000025892917620
7, 128,0.000013176746506
7, 129,0.000018278782591
7, 130,0.000025778859708
7, 131,0.000022504402295
7, 132,0.000023916671125
7, 133,0.000023836038963
7, 134,0.000018344808268
7, 135,0.000014510582332
7, 136,0.000020135630621
7, 137,0.000022670223188
7, 138,0.000017212445528
7, 139,0.000017740701878
7, 140,0.000029348788303
7, 141,0.000024815712095
7, 142,0.000025463339625
7, 143,0.000018762297259
7, 144,0.000017872043827
7, 145,0.000024156377549
7, 146,0.000023759555916
7, 147,0.000021986117645
7, 148,0.000015904615793
7, 149,0.000020884908736
7, 150,0.000017901031242
7, 151,0.000017084325009
7, 152,0.000029162689316
7, 153,0.000022284708393
7, 154,0.000023193942980
7, 155,0.000016511234207
7, 156,0.000024751392630
7, 157,0.000018718183128
7, 158,0.000013506523828
7, 159,0.000020494582714
7, 160,0.000015543082554
7, 161,0.000023710304959
7, 162,0.000011766743228
7, 163,0.000021991751055
7, 164,0.000020668945581
7, 165,0.000018509799702
7, 166,0.000026058118237
7, 167,0.000018415797967
7, 168,0.000017388403649
7, 169,0.000018810063921
7, 170,0.000013975793991
7, 171,0.000020230401788
7, 172,0.000018654407540
7, 173,0.000021184876459
7, 174,0.000012778145901
7, 175,0.000024941098673
7, 176,0.000019818597139
7, 177,0.000019210585378
7, 178,0.000019809849618
7, 179,0.000016533771486
7, 180,0.000011478134184
7, 181,0.000022785165129
7, 182,0.000016900849005
7, 183,0.000014903830561
7, 184,0.000014273568013
7, 185,0.000024852968636
7, 186,0.000023808839615
7, 187,0.000024066088372
7, 188,0.000018082104361
7, 189,0.000017868811483
7, 190,0.000020962246708
7, 191,0.000015873238226
7, 192,0.000025591967642
7, 193,0.000023590831915
7, 194,0.000015650421119
7, 195,0.000027016527383
7, 196,0.000030271730793
7, 197,0.000026909216103
7, 198,0.000025245293727
7, 199,0.000025928082323
7, 200,0.000009443921044
7, 201,0.000019433768102
7, 202,0.000021831283448
7, 203,0.000019143191821
7, 204,0.000025818148060
7, 205,0.000025187771826
7, 206,0.000016211421098
7, 207,0.000019003056877
7, 208,0.000017682947146
7, 209,0.000018503436877
7, 210,0.000020867833882
7, 211,0.000016452588170
7, 212,0.000018682041627
7, 213,0.000022044971047
7, 214,0.000018387994714
7, 215,0.000017345413653
7, 216,0.000025787710911
7, 217,0.000017005901100
7, 218,0.000016860743926
7, 219,0.000025828239814
7, 220,0.000021318010113
7, 221,0.000025296234526
7, 222,0.000017998330804
7, 223,0.000014831345652
7, 224,0.000019413137125
7, 225,0.000022680296752
7, 226,0.000017015012418
7, 227,0.000016416304788
7, 228,0.000017359921912
7, 229,0.000019723502191
7, 230,0.000018620894480
7, 231,0.000016441319531
7, 232,0.000019903538487
7, 233,0.000017102400307
7, 234,0.000020974219296
7, 235,0.000016243120626
7, 236,0.000023623593734
7, 237,0.000017158212358
7, 238,0.000015939927835
7, 239,0.000016086340111
7, 240,0.000016401561879
7, 241,0.000023911643439
7, 242,0.000014949398974
7, 243,0.000019764200260
7, 244,0.000021268791897
7, 245,0.000022901251214
7, 246,0.000016539521312
7, 247,0.000019676444936
7, 248,0.000016869027604
7, 249,0.000017654019757
7, 250,0.000022133011953
7, 251,0.000012156110643
7, 252,0.000016813701222
7, 253,0.000020975698135
7, 254,0.000021105535779
7, 255,0.000011695623471
7, 256,0.000022564903702
7, 257,0.000023582386348
7, 258,0.000011543869732
7, 259,0.000016548368876
7, 260,0.000016133286408
7, 261,0.000020056048015
7, 262,0.000014683842892
7, 263,0.000011423904652
7, 264,0.000018370092221
7, 265,0.000008121938663
7, 266,0.000017771801140
7, 267,0.000022443435228
7, 268,0.000019016832084
7, 269,0.000024981449315
7, 270,0.000017338579710
7, 271,0.000019796894776
7, 272,0.000049556816521
7, 273,0.000012665337636
7, 274,0.000017427450075
7, 275,0.000009015447176
7, 276,0.000015657789845
7, 277,0.000023442831662
7, 278,0.000013693547771
7, 279,0.000021643309083
7, 280,0.000016169791706
7, 281,0.000022568054192
7, 282,0.000011697334230
7, 283,0.000018573136913
7, 284,0.000023566284653
7, 285,0.000022592757887
7, 286,0.000025075607482
7, 287,0.000021051759177
7, 288,0.000017499012756
7, 289,0.000019266664822
7, 290,0.000022883199563
7, 291,0.000022008074666
7, 292,0.000023787288228
7, 293,0.000017976663003
7, 294,0.000029260614610
7, 295,0.000025975208700
7, 296,0.000019865094146
7, 297,0.000024455395760
7, 298,0.000020400102585
7, 299,0.000020904317353
7, 300,0.000017503545678
7, 301,0.000013546603441
7, 302,0.000016112493540
7, 303,0.000026058458388
7, 304,0.000021751322492
7, 305,0.000016327772755
7, 306,0.000017310236217
7, 307,0.000013228578609
7, 308,0.000022815631382
7, 309,0.000024057231713
7, 310,0.000025003968403
7, 311,0.000016963451344
7, 312,0.000024032478905
7, 313,0.000018621578420
7, 314,0.000018241931684
7, 315,0.000015231392354
7, 316,0.000011414383152
7, 317,0.000019500546841
7, 318,0.000018698978238
7, 319,0.000019539747882
7, 320,0.000018551103494
7, 321,0.000019009754396
7, 322,0.000014977849787
7, 323,0.000006774684152
7, 324,0.000013419075913
7, 325,0.000018568112864
7, 326,0.000016653770217
7, 327,0.000014650301637
7, 328,0.000024768332878
7, 329,0.000019436394723
7, 330,0.000019477805836
7, 331,0.000011661307326
7, 332,0.000014521784578
7, 333,0.000013261806089
7, 334,0.000025767481930
7, 335,0.000020771147319
7, 336,0.000015641282516
7, 337,0.000017960559489
7, 338,0.000015799849280
7, 339,0.000019209075617
7, 340,0.000024156886866
7, 341,0.000016699514163
7, 342,0.000024559569283
7, 343,0.000023953549317
7, 344,0.000017905964341
7, 345,0.000023567314202
7, 346,0.000022302978323
7, 347,0.000021850248231
7, 348,0.000020129062250
7, 349,0.000019938281184
7, 350,0.000018645892851
7, 351,0.000020086523364
7, 352,0.000015971752873
7, 353,0.000014158475096
7, 354,0.000016121382941
7, 355,0.000027822588891
7, 356,0.000012571318621
7, 357,0.000028436887078
7, 358,0.000019619881641
7, 359,0.000028122587537
7, 360,0.000020601875804
7, 361,0.000023652703021
7, 362,0.000024559387384
7, 363,0.000014677528270
7, 364,0.000018823653591
7, 365,0.000025589966754
7, 366,0.000015686506231
7, 367,0.000014365119569
7, 368,0.000016036678062
7, 369,0.000021845018637
7, 370,0.000016764968677
7, 371,0.000017429678337
7, 372,0.000024020910132
7, 373,0.000020087167286
7, 374,0.000018415761588
7, 375,0.000014430967894
7, 376,0.000021100644517
7, 377,0.000021220723283
7, 378,0.000020696817955
7, 379,0.000019673529096
7, 380,0.000014347181605
7, 381,0.000018341164832
7, 382,0.000023521439289
7, 383,0.000034671651520
7, 384,0.000015540945242
7, 385,0.000019636219804
7, 386,0.000019676119337
7, 387,0.000013390989807
7, 388,0.000022307420295
7, 389,0.000023077423975
7, 390,0.000018966058633
7, 391,0.000012991818949
7, 392,0.000017160318748
7, 393,0.000021999087039
7, 394,0.000019852723199
7, 395,0.000024686323741
7, 396,0.000017031907191
7, 397,0.000022456810257
7, 398,0.000011834968063
7, 399,0.000020913883418
7, 400,0.000015179306502
7, 401,0.000013432925698
7, 402,0.000024628317988
7, 403,0.000019814631742
7, 404,0.000017381285943
7, 405,0.000019860304747
7, 406,0.000018777831428
7, 407,0.000038507943827
7, 408,0.000022057794922
7, 409,0.000022950056518
7, 410,0.000024897082767
7, 411,0.000018830616682
7, 412,0.000021980406018
7, 413,0.000020756137019
7, 414,0.000016851927285
7, 415,0.000019331508156
7, 416,0.000017331882191
7, 417,0.000020203020540
7, 418,0.000009115688954
7, 419,0.000025114961318
7, 420,0.000013939761629
7, 421,0.000014517075215
7, 422,0.000021480887881
7, 423,0.000015829322365
7, 424,0.000020746450900
7, 425,0.000019909943148
7, 426,0.000023843665986
7, 427,0.000021799034585
7, 428,0.000020315917936
7, 429,0.000024918295821
7, 430,0.000020408533601
7, 431,0.000019673181669
7, 432,0.000065218337113
7, 433,0.000021170970285
7, 434,0.000022635906134
7, 435,0.000022207274014
7, 436,0.000017345833839
7, 437,0.000007795765669
7, 438,0.000025823597753
7, 439,0.000018888713385
7, 440,0.000023720993340
7, 441,0.000020973104256
7, 442,0.000022101332434
7, 443,0.000013295444660
7, 444,0.000018732296667
7, 445,0.000014801348698
7, 446,0.000026894871553
7, 447,0.000025340215871
7, 448,0.000020666524506
7, 449,0.000013222601410
7, 450,0.000017327358364
7, 451,0.000018216993340
7, 452,0.000017008616851
7, 453,0.000019436407456
7, 454,0.000012804303879
7, 455,0.000030160519600
7, 456,0.000024051190849
7, 457,0.000027219126423
7, 458,0.000024915916583
7, 459,0.000009184128430
7, 460,0.000017052901967
7, 461,0.000016078902263
7, 462,0.000022410895326
7, 463,0.000027285959732
7, 464,0.000029208698834
7, 465,0.000016520603822
7, 466,0.000020900977688
7, 467,0.000017143611331
7, 468,0.000015756229914
7, 469,0.000026086368962
7, 470,0.000013100603610
7, 471,0.000019832450562
7, 472,0.000016820813471
7, 473,0.000020208917704
7, 474,0.000024331460736
7, 475,0.000025396240744
7, 476,0.000016407162548
7, 477,0.000019424665879
7, 478,0.000016843490812
7, 479,0.000018480239305
7, 480,0.000017250575183
7, 481,0.000021090449081
7, 482,0.000014475740500
7, 483,0.000017248916265
7, 484,0.000023522454285
7, 485,0.000019614983103
7, 486,0.000010934248166
7, 487,0.000018531149180
7, 488,0.000018708380594
7, 489,0.000015712135792
7, 490,0.000016741963918
7, 491,0.000018191840354
7, 492,0.000017909846065
7, 493,0.000022370990337
7, 494,0.000016616155335
7, 495,0.000021561680114
7, 496,0.000018450436983
7, 497,0.000024711085644
7, 498,0.000019909815819
7, 499,0.000020827847038
7, 500,0.000020695486455
7, 501,0.000018400884073
7, 502,0.000023359085390
7, 503,0.000024602319172
7, 504,0.000018053402528
7, 505,0.000023847920602
7, 506,0.000018276481569
7, 507,0.000017366013708
7, 508,0.000014652864593
7, 509,0.000018541079044
7, 510,0.000008008299119
7, 511,0.000018643297153
7, 512,0.000018912953237
7, 513,0.000017670217858
7, 514,0.000021941641535
7, 515,0.000014035327695
7, 516,0.000022144840841
7, 517,0.000015568646631
7, 518,0.000020303976271
7, 519,0.000017750264306
7, 520,0.000018650907805
7, 521,0.000022433747290
7, 522,0.000021309137082
7, 523,0.000019390343368
7, 524,0.000018193139113
7, 525,0.000017703021513
7, 526,0.000017318890968
7, 527,0.000010626688891
7, 528,0.000015383144273
7, 529,0.000022529276976
7, 530,0.000015606985471
7, 531,0.000019147635612
7, 532,0.000020084064090
7, 533,0.000023362877982
7, 534,0.000013423647943
7, 535,0.000020928020604
7, 536,0.000013444463548
7, 537,0.000019874560166
7, 538,0.000015765848730
7, 539,0.000022534510208
7, 540,0.000018600341718
7, 541,0.000012428283299
7, 542,0.000015946288840
7, 543,0.000015125348000
7, 544,0.000017203476091
7, 545,0.000029747048757
7, 546,0.000024740365916
7, 547,0.000016159114239
7, 548,0.000021068344722
7, 549,0.000015002849977
7, 550,0.000019529219571
7, 551,0.000026367544706
7, 552,0.000016889280232
7, 553,0.000015837324099
7, 554,0.000019321079890
7, 555,0.000019788722057
7, 556,0.000014420074876
7, 557,0.000014841221855
7, 558,0.000022318294214
7, 559,0.000022496255042
7, 560,0.000021212181309
7, 561,0.000016312489606
7, 562,0.000022363572498
7, 563,0.000021471430955
7, 564,0.000024860881240
7, 565,0.000015776284272
7, 566,0.000016121393855
7, 567,0.000020116245651
7, 568,0.000021206609745
7, 569,0.000016171532479
7, 570,0.000022371616069
7, 571,0.000012458010133
7, 572,0.000018188253307
7, 573,0.000017563725123
7, 574,0.000018778684534
7, 575,0.000017356374883
7, 576,0.000017711343389
7, 577,0.000023676126148
7, 578,0.000018835416995
7, 579,0.000022811213057
7, 580,0.000021603553250
7, 581,0.000014942034795
7, 582,0.000017096732336
7, 583,0.000017812777514
7, 584,0.000018720886146
7, 585,0.000020169856725
7, 586,0.000028443850169
7, 587,0.000016886140656
7, 588,0.000015524588889
7, 589,0.000015640671336
7, 590,0.000020606748876
7, 591,0.000017647782443
7, 592,0.000022604639526
7, 593,0.000015614794393
7, 594,0.000016006579244
7, 595,0.000037947978853
7, 596,0.000019162831450
7, 597,0.000017300584659
7, 598,0.000014762464161
7, 599,0.000016468093236
7, 600,0.000018607766833
7, 601,0.000016288471670
7, 602,0.000018466151232
7, 603,0.000018186423404
7, 604,0.000062552091549
7, 605,0.000021111154638
7, 606,0.000025584216928
7, 607,0.000019023056666
7, 608,0.000016854859496
7, 609,0.000023293812774
7, 610,0.000105179264210
7, 611,0.000018848129912
7, 612,0.000017355614546
7, 613,0.000018235557945
7, 614,0.000021453886802
7, 615,0.000026765399525
7, 616,0.000017184360331
7, 617,0.000019059962142
7, 618,0.000019957071345
7, 619,0.000018487780835
7, 620,0.000017305468646
7, 621,0.000019312961740
7, 622,0.000016654197680
7, 623,0.000013226826923
7, 624,0.000011382468983
7, 625,0.000020051136744
7, 626,0.000023615606551
7, 627,0.000014558516341
7, 628,0.000017913198462
7, 629,0.000028236527214
7, 630,0.000020310344553
7, 631,0.000017171216314
7, 632,0.000018455368263
7, 633,0.000016352902094
7, 634,0.000013734206732
7, 635,0.000017376351025
7, 636,0.000017229553123
7, 637,0.000014733726857
7, 638,0.000017057296645
7, 639,0.000026536501537
7, 640,0.000017391816073
7, 641,0.000022144913601
7, 642,0.000020775682060
7, 643,0.000017702557670
7, 644,0.000018739445295
7, 645,0.000015228769371
7, 646,0.000016959264030
7, 647,0.000015777290173
7, 648,0.000020826973923
7, 649,0.000017168647901
7, 650,0.000017588179617
7, 651,0.000024072411179
7, 652,0.000015689449356
7, 653,0.000014357043256
7, 654,0.000020183571905
7, 655,0.000015391033230
7, 656,0.000016536250769
7, 657,0.000012871199033
7, 658,0.000022591679226
7, 659,0.000019817292923
7, 660,0.000023562875867
7, 661,0.000027755495466
7, 662,0.000025927263778
7, 663,0.000023388523914
7, 664,0.000019033856006
7, 665,0.000014416365048
7, 666,0.000023361353669
7, 667,0.000017680938981
7, 668,0.000092227863206
7, 669,0.000018603421267
7, 670,0.000013472845239
7, 671,0.000025534523957
7, 672,0.000022000724130
7, 673,0.000017502579794
7, 674,0.000014595835637
7, 675,0.000016604444681
7, 676,0.000013392462279
7, 677,0.000017507905795
7, 678,0.000021651418137
7, 679,0.000017154448869
7, 680,0.000021670895876
7, 681,0.000017043930711
7, 682,0.000013470598788
7, 683,0.000024659537303
7, 684,0.000011950610315
7, 685,0.000025334220481
7, 686,0.000022737767722
7, 687,0.000022298409021
7, 688,0.000016323991076
7, 689,0.000014860809642
7, 690,0.000017289565221
7, 691,0.000021227211619
7, 692,0.000022579755750
7, 693,0.000026039369914
7, 694,0.000020128502001
7, 695,0.000014579093659
7, 696,0.000014694023776
7, 697,0.000015867914044
7, 698,0.000019645687644
7, 699,0.000028600334190
7, 700,0.000023960721592
7, 701,0.000014577730326
7, 702,0.000018755939891
7, 703,0.000015645795429
7, 704,0.000015268011339
7, 705,0.000014710397409
7, 706,0.000023565935408
7, 707,0.000023780699848
7, 708,0.000022871841793
7, 709,0.000023573127692
7, 710,0.000023133936338
7, 711,0.000016911208149
7, 712,0.000018872075088
7, 713,0.000025966504836
7, 714,0.000020210794901
7, 715,0.000017292513803
7, 716,0.000023639591745
7, 717,0.000014726905647
7, 718,0.000019133010937
7, 719,0.000024810078685
7, 720,0.000016176656572
7, 721,0.000022419249945
7, 722,0.000025158309654
7, 723,0.000022247462766
7, 724,0.000015621180864
7, 725,0.000014231814930
7, 726,0.000017291533368
7, 727,0.000018605900550
7, 728,0.000018122127585
7, 729,0.000024455996027
7, 730,0.000019539944333
7, 731,0.000009958592273
7, 732,0.000022814465410
7, 733,0.000027173813578
7, 734,0.000016762856831
7, 735,0.000017540593035
7, 736,0.000022397473003
7, 737,0.000020229277652
7, 738,0.000024753835532
7, 739,0.000016588004655
7, 740,0.000018662363800
7, 741,0.000014542747522
7, 742,0.000018425285816
7, 743,0.000029295366403
8, 0,0.000018743598048
8, 1,0.000027188803870
8, 2,0.000008692817573
8, 3,0.000017139251213
8, 4,0.000023424085157
8, 5,0.000020104987925
8, 6,0.000021412075512
8, 7,0.000019639957827
8, 8,0.000027503399906
8, 9,0.000010595215826
8, 10,0.000023217353373
8, 11,0.000022477815946
8, 12,0.000018426670067
8, 13,0.000024125502023
8, 14,0.000026450912628
8, 15,0.000018168437236
8, 16,0.000015821131456
8, 17,0.000017687076252
8, 18,0.000009105214303
8, 19,0.000009356432201
8, 20,0.000022584579710
8, 21,0.000159860559506
8, 22,0.000023809701815
8, 23,0.000015641746359
8, 24,0.000024705719625
8, 25,0.000023232410967
8, 26,0.000028317206670
8, 27,0.000021590338292
8, 28,0.000019975133910
8, 29,0.000021167203158
8, 30,0.000013025235603
8, 31,0.000016934165615
8, 32,0.000011933091628
8, 33,0.000021164065402
8, 34,0.000014550572814
8, 35,0.000025044811991
8, 36,0.000023752947527
8, 37,0.000017299151295
8, 38,0.000015283532775
8, 39,0.000027336503990
8, 40,0.000024887802283
8, 41,0.000012108093870
8, 42,0.000020849427528
8, 43,0.000023764219804
8, 44,0.000024175333238
8, 45,0.000024993247280
8, 46,0.000020768688046
8, 47,0.000026378209441
8, 48,0.000018298562281
8, 49,0.000017990669221
8, 50,0.000025102008294
8, 51,0.000023512384359
8, 52,0.000028201013265
8, 53,0.000026928966690
8, 54,0.000020118381144
8, 55,0.000013287241018
8, 56,0.000023021952074
8, 57,0.000020594703528
8, 58,0.000023939890525
8, 59,0.000024150229365
8, 60,0.000014273409761
8, 61,0.000021462976292
8, 62,0.000022257192541
8, 63,0.000024080531148
8, 64,0.000017755555746
8, 65,0.000014339254449
8, 66,0.000026016910851
8, 67,0.000021670335627
8, 68,0.000021124820705
8, 69,0.000009881415281
8, 70,0.000017953196220
8, 71,0.000013368721739
8, 72,0.000020979725377
8, 73,0.000016394229533
8, 74,0.000150021252921
8, 75,0.000022567570340
8, 76,0.000015255770450
8, 77,0.000019824004994
8, 78,0.000015403040379
8, 79,0.000026460933441
8, 80,0.000025337267289
8, 81,0.000016112631783
8, 82,0.000021408421162
8, 83,0.000019835330022
8, 84,0.000019465674995
8, 85,0.000017574710000
8, 86,0.000011429863662
8, 87,0.000015566556613
8, 88,0.000017610189389
8, 89,0.000012379035979
8, 90,0.000018257331249
8, 91,0.000015844507288
8, 92,0.000023310576580
8, 93,0.000016201878680
8, 94,0.000018131568140
8, 95,0.000021138779630
8, 96,0.000021648711481
8, 97,0.000017522082999
8, 98,0.000023497184884
8, 99,0.000017701822799
8, 100,0.000023062595574
8, 101,0.000021138517695
8, 102,0.000021613170247
8, 103,0.000023420689104
8, 104,0.000017177009795
8, 105,0.000009160236914
8, 106,0.000017324970031
8, 107,0.000019679235265
8, 108,0.000022954363885
8, 109,0.000021226009267
8, 110,0.000025301445930
8, 111,0.000018533643015
8, 112,0.000013259015759
8, 113,0.000018969636585
8, 114,0.000015598452592
8, 115,0.000023685432097
8, 116,0.000018844109945
8, 117,0.000014709864445
8, 118,0.000019949951820
8, 119,0.000024837854653
8, 120,0.000020848772692
8, 121,0.000020884428523
8, 122,0.000023310549295
8, 123,0.000022126254407
8, 124,0.000020812065486
8, 125,0.000018399698092
8, 126,0.000016421339751
8, 127,0.000021195553927
8, 128,0.000017414400645
8, 129,0.000023240521841
8, 130,0.000016101275833
8, 131,0.000021921683583
8, 132,0.000022636333597
8, 133,0.000014660971829
8, 134,0.000019708480977
8, 135,0.000012998438251
8, 136,0.000010817000657
8, 137,0.000026517811420
8, 138,0.000014484642634
8, 139,0.000022664109565
8, 140,0.000022587286367
8, 141,0.000013416854927
8, 142,0.000008064466783
8, 143,0.000019759179850
8, 144,0.000015907191482
8, 145,0.000027110356314
8, 146,0.000017239839508
8, 147,0.000025370984076
8, 148,0.000016753054297
8, 149,0.000026389221603
8, 150,0.000018155051293
8, 151,0.000020175451937
8, 152,0.000015669207642
8, 153,0.000024643211873
8, 154,0.000019792356397
8, 155,0.000023478885851
8, 156,0.000019019276806
8, 157,0.000018790275135
8, 158,0.000025221246688
8, 159,0.000026555129807
8, 160,0.000011747101780
8, 161,0.000018590961190
8, 162,0.000016319472707
8, 163,0.000025889023163
8, 164,0.000017144213416
8, 165,0.000022563986931
8, 166,0.000023247805075
8, 167,0.000018493903553
8, 168,0.000020109260731
8, 169,0.000022147745767
8, 170,0.000029228329367
8, 171,0.000017184906028
8, 172,0.000019826278731
8, 173,0.000015418694602
8, 174,0.000021448608095
8, 175,0.000020948569727
8, 176,0.000025368282877
8, 177,0.000021497087801
8, 178,0.000021147507141
8, 179,0.000014789781744
8, 180,0.000030969567888
8, 181,0.000019588336727
8, 182,0.000028362095691
8, 183,0.000027752352253
8, 184,0.000013716710782
8, 185,0.000013601726096
8, 186,0.000023072603653
8, 187,0.000018305468984
8, 188,0.000014388463569
8, 189,0.000020982844944
8, 190,0.000019796536435
8, 191,0.000021902276785
8, 192,0.000020089308236
8, 193,0.000019244325813
8, 194,0.000023646431146
8, 195,0.000017083362764
8, 196,0.000016908443286
8, 197,0.000013516428226
8, 198,0.000014859238945
8, 199,0.000012205574421
8, 200,0.000008166678526
8, 201,0.000022544745661
8, 202,0.000020064280761
8, 203,0.000018539634766
8, 204,0.000018157450540
8, 205,0.000018014901798
8, 206,0.000026249976145
8, 207,0.000018749355149
8, 208,0.000024155831852
8, 209,0.000018161539629
8, 210,0.000017035268684
8, 211,0.000021115572963
8, 212,0.000018313357941
8, 213,0.000013449432117
8, 214,0.000014555856069
8, 215,0.000019043192879
8, 216,0.000015912675735
8, 217,0.000016685038645
8, 218,0.000020781601052
8, 219,0.000016729303752
8, 220,0.000017481192117
8, 221,0.000011148324120
8, 222,0.000015568639355
8, 223,0.000015996267393
8, 224,0.000018287035346
8, 225,0.000018628141333
8, 226,0.000015837147657
8, 227,0.000026165575036
8, 228,0.000021475232643
8, 229,0.000014817915144
8, 230,0.000014397460291
8, 231,0.000022358120987
8, 232,0.000019762397642
8, 233,0.000016911695639
8, 234,0.000025206461942
8, 235,0.000022682717827
8, 236,0.000025220215321
8, 237,0.000011683956473
8, 238,0.000014950624973
8, 239,0.000020519102691
8, 240,0.000030231607525
8, 241,0.000014306105186
8, 242,0.000018488750356
8, 243,0.000012032756786
8, 244,0.000018604187062
8, 245,0.000019572140445
8, 246,0.000015592488126
8, 247,0.000020026322090
8, 248,0.000014770516827
8, 249,0.000011134310625
8, 250,0.000015671415895
8, 251,0.000019953149604
8, 252,0.000018372038539
8, 253,0.000020897025024
8, 254,0.000019940307538
8, 255,0.000018681577785
8, 256,0.000023047559807
8, 257,0.000023439264623
8, 258,0.000021302283130
8, 259,0.000024749744625
8, 260,0.000015013340089
8, 261,0.000017050550014
8, 262,0.000021607003873
8, 263,0.000019409102606
8, 264,0.000014890541934
8, 265,0.000031327967008
8, 266,0.000019773651729
8, 267,0.000012133040400
8, 268,0.000011773814549
8, 269,0.000016911326384
8, 270,0.000019193637854
8, 271,0.000017579655832
8, 272,0.000020052542823
8, 273,0.000027132584364
8, 274,0.000342255661963
8, 275,0.000018409489712
8, 276,0.000016767522538
8, 277,0.000020192552256
8, 278,0.000021470910724
8, 279,0.000021033849407
8, 280,0.000014679744709
8, 281,0.000017185868273
8, 282,0.000016973104721
8, 283,0.000025083561923
8, 284,0.000013515329556
8, 285,0.000030554409022
8, 286,0.000014396863662
8, 287,0.000016323976524
8, 288,0.000014678694242
8, 289,0.000018273785827
8, 290,0.000018497430574
8, 291,0.000025430450478
8, 292,0.000011720752809
8, 293,0.000016257328753
8, 294,0.000022948026526
8, 295,0.000022256368538
8, 296,0.000018678681954
8, 297,0.000019850114768
8, 298,0.000013012332602
8, 299,0.000014265719074
8, 300,0.000021287305572
8, 301,0.000014340592315
8, 302,0.000022287687898
8, 303,0.000015601170162
8, 304,0.000027604832212
8, 305,0.000023680418963
8, 306,0.000018411039491
8, 307,0.000018669918063
8, 308,0.000018566648578
8, 309,0.000016102358131
8, 310,0.000016023090211
8, 311,0.000021344929337
8, 312,0.000020068844606
8, 313,0.000021932346499
8, 314,0.000024782078981
8, 315,0.000021052288503
8, 316,0.000018437365725
8, 317,0.000026368152248
8, 318,0.000017588930859
8, 319,0.000018355269276
8, 320,0.000019833609258
8, 321,0.000020837751435
8, 322,0.000006679146281
8, 323,0.000016745949324
8, 324,0.000024334129193
8, 325,0.000016134486941
8, 326,0.000019105928004
8, 327,0.000022610758606
8, 328,0.000020841564037
8, 329,0.000014627496057
8, 330,0.000014401474800
8, 331,0.000022031095796
8, 332,0.000026449100915
8, 333,0.000024014942028
8, 334,0.000016744679670
8, 335,0.000022191827156
8, 336,0.000023074195269
8, 337,0.000028237698643
8, 338,0.000014911463950
8, 339,0.000015858000552
8, 340,0.000023824830350
8, 341,0.000019352004529
8, 342,0.000017675432900
8, 343,0.000021145906430
8, 344,0.000016956384570
8, 345,0.000020155344828
8, 346,0.000013314543139
8, 347,0.000013694576410
8, 348,0.000021185738660
8, 349,0.000022544349122
8, 350,0.000023382915970
8, 351,0.000020534151190
8, 352,0.000016001245967
8, 353,0.000018596008886
8, 354,0.000018396536689
8, 355,0.000023741515179
8, 356,0.000015848188923
8, 357,0.000010320984074
8, 358,0.000014277499758
8, 359,0.000013360850971
8, 360,0.000019869363314
8, 361,0.000021510402803
8, 362,0.000016991016309
8, 363,0.000014748187823
8, 364,0.000023963661079
8, 365,0.000020605162717
8, 366,0.000021045305402
8, 367,0.000018187334717
8, 368,0.000028463544368
8, 369,0.000023712427719
8, 370,0.000009149855032
8, 371,0.000024833610951
8, 372,0.000010744307474
8, 373,0.000030869709008
8, 374,0.000014335779269
8, 375,0.000016883284843
8, 376,0.000021450765416
8, 377,0.000016330848666
8, 378,0.000017274223865
8, 379,0.000017545004084
8, 380,0.000023665001208
8, 381,0.000019859715394
8, 382,0.000027587388104
8, 383,0.000015866915419
8, 384,0.000023943692213
8, 385,0.000017955762814
8, 386,0.000020191748263
8, 387,0.000017127747924
8, 388,0.000012024444914
8, 389,0.000018559043383
8, 390,0.000022012440240
8, 391,0.000014758527868
8, 392,0.000021332172764
8, 393,0.000016249541659
8, 394,0.000025712473871
8, 395,0.000010485638086
8, 396,0.000021093770556
8, 397,0.000014652950995
8, 398,0.000015336223441
8, 399,0.000021309457225
8, 400,0.000013900589693
8, 401,0.000024162542104
8, 402,0.000014950825062
8, 403,0.000020307705199
8, 404,0.000017070742615
8, 405,0.000021705967811
8, 406,0.000023172055080
8, 407,0.000016948572011
8, 408,0.000015745748897
8, 409,0.000014900781025
8, 410,0.000012084526134
8, 411,0.000023790315026
8, 412,0.000024472836230
8, 413,0.000013435645997
8, 414,0.000018516995624
8, 415,0.000015984885977
8, 416,0.000021316904167
8, 417,0.000017714555725
8, 418,0.000020382474759
8, 419,0.000018536993593
8, 420,0.000018806193111
8, 421,0.000014782216567
8, 422,0.000020808216505
8, 423,0.000025161070880
8, 424,0.000023438256903
8, 425,0.000022890733817
8, 426,0.000014872198335
8, 427,0.000050538008509
8, 428,0.000017498816305
8, 429,0.000020797539037
8, 430,0.000012806644918
8, 431,0.000015339543097
8, 432,0.000018615291992
8, 433,0.000014389065655
8, 434,0.000021046689653
8, 435,0.000021190471671
8, 436,0.000025258905225
8, 437,0.000024142813345
8, 438,0.000009330830835
8, 439,0.000118428382848
8, 440,0.000017211168597
8, 441,0.000024144550480
8, 442,0.000012532285837
8, 443,0.000021053756427
8, 444,0.000021740754164
8, 445,0.000020695904823
8, 446,0.000021508794816
8, 447,0.000021907697374
8, 448,0.000018533841285
8, 449,0.000019151533706
8, 450,0.000014693935555
8, 451,0.000015935636839
8, 452,0.000024309832952
8, 453,0.000021901769287
8, 454,0.000029815973903
8, 455,0.000021423229555
8, 456,0.000017577769540
8, 457,0.000017984810256
8, 458,0.000014905055650
8, 459,0.000023949347451
8, 460,0.000031963849324
8, 461,0.000013309212591
8, 462,0.000026664389225
8, 463,0.000023426273401
8, 464,0.000019439112293
8, 465,0.000021432182621
8, 466,0.000025267814635
8, 467,0.000017744843717
8, 468,0.000024570888854
8, 469,0.000014621628907
8, 470,0.000017945170839
8, 471,0.000018778697267
8, 472,0.000017434333131
8, 473,0.000019706656531
8, 474,0.000016675916413
8, 475,0.000024229724659
8, 476,0.000022089241611
8, 477,0.000022211796022
8, 478,0.000015189800251
8, 479,0.000023619519197
8, 480,0.000021943102183
8, 481,0.000022627642466
8, 482,0.000018208053007
8, 483,0.000020342627977
8, 484,0.000027113161195
8, 485,0.000021329835363
8, 486,0.000015936275304
8, 487,0.000017360531274
8, 488,0.000026588228138
8, 489,0.000010835320609
8, 490,0.000021845084120
8, 491,0.000019026954760
8, 492,0.000016048292309
8, 493,0.000026409739803
8, 494,0.000019843795599
8, 495,0.000017342323190
8, 496,0.000015934996554
8, 497,0.000018075214030
8, 498,0.000019882470951
8, 499,0.000013289706658
8, 500,0.000024208324248
8, 501,0.000019575740225
8, 502,0.000011779800843
8, 503,0.000019039158360
8, 504,0.000024072945962
8, 505,0.000017178223061
8, 506,0.000016959720597
8, 507,0.000023242013413
8, 508,0.000028647989893
8, 509,0.000026132665880
8, 510,0.000017882550310
8, 511,0.000024270811991
8, 512,0.000022285357772
8, 513,0.000015660174540
8, 514,0.000023291964681
8, 515,0.000010636886145
8, 516,0.000021495070541
8, 517,0.000013537162886
8, 518,0.000015613632058
8, 519,0.000014640341760
8, 520,0.000023494887500
8, 521,0.000109695218271
8, 522,0.000022076475943
8, 523,0.000020032250177
8, 524,0.000021172030756
8, 525,0.000016938516637
8, 526,0.000017824107999
8, 527,0.000015415949747
8, 528,0.000020382776711
8, 529,0.000019789471480
8, 530,0.000020919451345
8, 531,0.000017137701434
8, 532,0.000016837846488
8, 533,0.000019651562980
8, 534,0.000022352340238
8, 535,0.000016117868654
8, 536,0.000016220736143
8, 537,0.000022270281988
8, 538,0.000014563060176
8, 539,0.000012269173567
8, 540,0.000014359034139
8, 541,0.000024497172490
8, 542,0.000013040569684
8, 543,0.000015481284208
8, 544,0.000018918943169
8, 545,0.000017404256141
8, 546,0.000021155043214
8, 547,0.000016409087038
8, 548,0.000020962132112
8, 549,0.000013522599147
8, 550,0.000013295156350
8, 551,0.000019956780307
8, 552,0.000013478631445
8, 553,0.000020961379050
8, 554,0.000023887383577
8, 555,0.000028326177926
8, 556,0.000015798783352
8, 557,0.000022626631107
8, 558,0.000025119421480
8, 559,0.000025652847398
8, 560,0.000016087053154
8, 561,0.000014704747628
8, 562,0.000025082374123
8, 563,0.000025610825105
8, 564,0.000017662548998
8, 565,0.000021768901206
8, 566,0.000015244023416
8, 567,0.000050897986512
8, 568,0.000021723491955
8, 569,0.000012385150512
8, 570,0.000016611089450
8, 571,0.000020988854885
8, 572,0.000024491571821
8, 573,0.000014995610400
8, 574,0.000023407841582
8, 575,0.000013809011762
8, 576,0.000017382233636
8, 577,0.000014678325897
8, 578,0.000021573456252
8, 579,0.000021963507606
8, 580,0.000011861469829
8, 581,0.000011891201211
8, 582,0.000022154803446
8, 583,0.000015765994249
8, 584,0.000096574302006
8, 585,0.000022760692445
8, 586,0.000022166270355
8, 587,0.000018560662284
8, 588,0.000019059134502
8, 589,0.000014272401131
8, 590,0.000018935850676
8, 591,0.000010728276720
8, 592,0.000024183671485
8, 593,0.000020951298211
8, 594,0.000018566088329
8, 595,0.000015845873349
8, 596,0.000016796198906
8, 597,0.000013646651496
8, 598,0.000017662952814
8, 599,0.000025135785108
8, 600,0.000017265061615
8, 601,0.000013133051652
8, 602,0.000019617198632
8, 603,0.000015991679902
8, 604,0.000015872488802
8, 605,0.000018411046767
8, 606,0.000018546705178
8, 607,0.000016244754079
8, 608,0.000019501780116
8, 609,0.000012950830751
8, 610,0.000023614076781
8, 611,0.000022406207790
8, 612,0.000024057313567
8, 613,0.000024242388463
8, 614,0.000025303377697
8, 615,0.000023713106202
8, 616,0.000025167846616
8, 617,0.000022397249268
8, 618,0.000020599491108
8, 619,0.000018879454728
8, 620,0.000015576250007
8, 621,0.000007953146451
8, 622,0.000021969421141
8, 623,0.000020761173801
8, 624,0.000013371696696
8, 625,0.000012447843801
8, 626,0.000014594056665
8, 627,0.000016135156329
8, 628,0.000022265214284
8, 629,0.000015883149899
8, 630,0.000017887192371
8, 631,0.000018847338652
8, 632,0.000018253063899
8, 633,0.000013088440028
8, 634,0.000014925046344
8, 635,0.000027879726986
8, 636,0.000026130312108
8, 637,0.000018356247892
8, 638,0.000015295305275
8, 639,0.000025100056519
8, 640,0.000022300655473
8, 641,0.000013207761185
8, 642,0.000012008477825
8, 643,0.000011756324966
8, 644,0.000023921949833
8, 645,0.000023187023544
8, 646,0.000023852946470
8, 647,0.000010610046957
8, 648,0.000022012045520
8, 649,0.000022887335945
8, 650,0.000026662648452
8, 651,0.000017419339201
8, 652,0.000021659840058
8, 653,0.000026635701943
8, 654,0.000017559497792
8, 655,0.000024522840249
8, 656,0.000021422809368
8, 657,0.000013066900465
8, 658,0.000022107715267
8, 659,0.000017626014596
8, 660,0.000020552224669
8, 661,0.000020817788027
8, 662,0.000028893200579
8, 663,0.000016599977243
8, 664,0.000026639398129
8, 665,0.000015863355657
8, 666,0.000024497325285
8, 667,0.000018022350559
8, 668,0.000015859863197
8, 669,0.000016895990484
8, 670,0.000022155694751
8, 671,0.000021214545995
8, 672,0.000018372818886
8, 673,0.000017812368242
8, 674,0.000024124732590
8, 675,0.000015423993318
8, 676,0.000020293389753
8, 677,0.000015702482415
8, 678,0.000032713029213
8, 679,0.000023619040803
8, 680,0.000022852036636
8, 681,0.000022791518859
8, 682,0.000017946880689
8, 683,0.000016612042600
8, 684,0.000011980388081
8, 685,0.000018638842448
8, 686,0.000020869045329
8, 687,0.000015664210878
8, 688,0.000013309765563
8, 689,0.000024152070182
8, 690,0.000029334101782
8, 691,0.000015349423848
8, 692,0.000014582236872
8, 693,0.000018406275558
8, 694,0.000008708474525
8, 695,0.000026568477551
8, 696,0.000040532991989
8, 697,0.000034016116842
8, 698,0.000034373075323
8, 699,0.000027812831831
8, 700,0.000021243129595
8, 701,0.000024878632757
8, 702,0.000026456813430
8, 703,0.000035588000173
8, 704,0.000033278876799
8, 705,0.000025301183996
8, 706,0.000021954860131
8, 707,0.000027403426429
8, 708,0.000031536306778
8, 709,0.000035312161344
8, 710,0.000023296408472
8, 711,0.000015326520952
8, 712,0.000022948188416
8, 713,0.000031997085898
8, 714,0.000022603320758
8, 715,0.000020225998014
8, 716,0.000020660896553
8, 717,0.000019587489078
8, 718,0.000021500442017
8, 719,0.000027072701414
8, 720,0.000017623029635
8, 721,0.000018527240172
8, 722,0.000021782183467
8, 723,0.000013171584214
8, 724,0.000019088443878
8, 725,0.000019513310690
8, 726,0.000018277138224
8, 727,0.000025335290047
8, 728,0.000020895251510
8, 729,0.000023951708499
8, 730,0.000014737336642
8, 731,0.000024564247724
8, 732,0.000014448683942
8, 733,0.000030029699701
8, 734,0.000016205480279
8, 735,0.000027158486773
8, 736,0.000020980349291
8, 737,0.000028109800041
8, 738,0.000018200444174
8, 739,0.000014822790945
8, 740,0.000017561054847
8, 741,0.000016064097508
8, 742,0.000014284448298
8, 743,0.000011125798665
9, 0,0.000018233304218
9, 1,0.000019810886442
9, 2,0.000025832214305
9, 3,0.000015231508769
9, 4,0.000021799185561
9, 5,0.000016472431525
9, 6,0.000019621107640
9, 7,0.000021139967430
9, 8,0.000015968356820
9, 9,0.000021326184651
9, 10,0.000021541534807
9, 11,0.000019714823793
9, 12,0.000017789145204
9, 13,0.000021035117243
9, 14,0.000007665421435
9, 15,0.000019913046344
9, 16,0.000017252961698
9, 17,0.000023673306714
9, 18,0.000010665211448
9, 19,0.000019734778107
9, 20,0.000025969715352
9, 21,0.000025303133953
9, 22,0.000016038062313
9, 23,0.000015072648239
9, 24,0.000018145254217
9, 25,0.000020601226424
9, 26,0.000012982460248
9, 27,0.000022197009457
9, 28,0.000019733159206
9, 29,0.000020037139620
9, 30,0.000013039623809
9, 31,0.000022394711777
9, 32,0.000018548644221
9, 33,0.000022954869564
9, 34,0.000027852296625
9, 35,0.000025786857805
9, 36,0.000019849028831
9, 37,0.000022275469746
9, 38,0.000013094329006
9, 39,0.000017192211089
9, 40,0.000018239479687
9, 41,0.000011383326637
9, 42,0.000018244876628
9, 43,0.000018168779206
9, 44,0.000022499341867
9, 45,0.000018547052605
9, 46,0.000018747970898
9, 47,0.000021539264708
9, 48,0.000012002866242
9, 49,0.000018585151338
9, 50,0.000025276118322
9, 51,0.000021687825210
9, 52,0.000021090407245
9, 53,0.000009292821233
9, 54,0.000030484852687
9, 55,0.000025265917429
9, 56,0.000023499267627
9, 57,0.000286604219582
9, 58,0.000020542442144
9, 59,0.000019645851353
9, 60,0.000009568217138
9, 61,0.000027559797672
9, 62,0.000017036894860
9, 63,0.000018396416635
9, 64,0.000019702167265
9, 65,0.000020326373487
9, 66,0.000020791867428
9, 67,0.000028392167224
9, 68,0.000018268083295
9, 69,0.000019422976038
9, 70,0.000026441408409
9, 71,0.000023334185244
9, 72,0.000014163007108
9, 73,0.000018524744519
9, 74,0.000021178102543
9, 75,0.000023697130018
9, 76,0.000021483592718
9, 77,0.000023259057343
9, 78,0.000019580924345
9, 79,0.000017941181795
9, 80,0.000103208978544
9, 81,0.000023873522878
9, 82,0.000016874702851
9, 83,0.000022788177375
9, 84,0.000014890703824
9, 85,0.000020589795895
9, 86,0.000017322920030
9, 87,0.000027079329811
9, 88,0.000012248343410
9, 89,0.000026966272344
9, 90,0.000015877149053
9, 91,0.000025476343581
9, 92,0.000015797812011
9, 93,0.000018367813027
9, 94,0.000012904000869
9, 95,0.000022989188437
9, 96,0.000021701533115
9, 97,0.000012989910829
9, 98,0.000021205849407
9, 99,0.000022207943402
9, 100,0.000020046227291
9, 101,0.000014579685740
9, 102,0.000022350512154
9, 103,0.000011696075489
9, 104,0.000019022460037
9, 105,0.000024924544050
9, 106,0.000020591436623
9, 107,0.000030806670111
9, 108,0.000026351139240
